4.401837957828786951e-01
3.947492312335001419e-01
4.305889359024724777e-02
2.230333580795971493e-01
3.442696626072469512e-01
1.778893693365504458e-01
-1.946891495495797209e-01
1.404640564508554124e-01
2.736531624961100959e-02
3.627564999128689016e-01
-6.823205979619455519e-01
-7.715195620615886707e-01
-3.338436207884661888e-01
1.443033792789694680e-01
-2.982806385580161201e-01
7.618637632929695092e-02
3.243146668907651020e-01
4.334669665875985900e-01
2.757459353696686266e-01
5.327349156280729581e-01
5.489086176575393994e-01
3.953385430706284898e-01
6.516178473948996963e-01
6.376954784503366946e-01
6.520766800145172404e-01
6.231269259543807948e-01
8.667424719264053001e-01
3.931957957848160046e-01
4.514191085020283212e-01
3.661297766661331110e-01
1.902135632628285389e-01
5.266289304732220122e-01
4.760256815497637128e-01
5.343896860346134536e-01
4.528795664611247052e-01
2.328287389785439476e-01
4.574012039771713223e-01
3.614412211492973315e-01
3.328560240778891677e-01
4.614024909700274457e-01
5.146693188937462304e-01
7.166598625479878582e-01
6.061158410709384103e-01
3.983255803061448441e-01
3.663382112949378766e-01
9.114878838203829825e-02
4.027369178619169543e-01
4.984280111401533375e-01
4.686369447295816726e-01
4.681038262846972109e-01
3.743127688402336228e-01
2.469606323919500690e-01
-1.088107161237765463e-01
3.102740322573104836e-01
1.192152865278054280e-01
3.976722791246596889e-01
2.626909485079677031e-01
1.161182994153458770e-01
6.938204729562370554e-01
6.101364451786847054e-01
6.901611143440211649e-01
1.014237770160575508e-01
7.944540739832892107e-02
5.432523812338051900e-02
2.997919238842493561e-01
-1.756690487222618835e-02
-6.749593222421851335e-02
-3.121063676370787188e-01
-5.626138933413588061e-01
-4.703678668053295486e-01
-8.793366493127539874e-02
-3.178255305968853972e-01
-1.898604706219370747e-02
-9.324716654503187319e-02
4.748168311691498555e-01
-1.707826158730726407e-01
1.517520719723352285e-01
4.054154507152159526e-01
6.384693158849514827e-01
4.475899717330545369e-01
5.556718268490553614e-01
8.160413423809488309e-01
6.673589166248621307e-01
3.399592886689565274e-01
6.878323462663780141e-01
9.047904715024830402e-01
1.004008551395462856e+00
9.056153081565868623e-01
9.081762122920036262e-01
1.004246635591170334e+00
1.039444204420767903e+00
9.237552558817943016e-01
7.313912998272944499e-01
8.725139718574955738e-01
3.568128619003477220e-02
2.949503325658166530e-01
3.864001699270237511e-01
5.627011497556075881e-01
6.692934783194524062e-01
5.551302805118600858e-01
7.792639286106131102e-01
6.709246997591244988e-01
8.478515667124546518e-01
4.908282133739954034e-01
7.336280308496125890e-01
9.229331679431237445e-01
1.119291354473301192e+00
1.183333208829438377e+00
1.098807660512914675e+00
1.042756121702448580e+00
9.201654864428083780e-01
8.460835195668737763e-01
1.103662289019823994e+00
-1.874671391471742221e-01
-3.965446206973931575e-01
-2.439295149897453552e-01
-1.943853286359483457e-01
-1.991064041198552514e-01
-2.243602862004905399e-02
3.286537502869291694e-01
2.200222088039243407e-01
-7.238193692326017059e-02
-2.591893604183592714e-01
1.916151096282914523e-01
2.035628893938184469e-01
1.298956343502921384e-01
3.800916844904517755e-01
4.993121530335099534e-01
7.127309667714979424e-01
3.998753270698310880e-01
9.391706534432475717e-01
1.193690171992592752e+00
1.164782696779068649e+00
1.057152955834111285e+00
1.086487926521993774e+00
1.288690241448447349e+00
8.864001174341454847e-01
7.278227885466095337e-01
1.223542542550885015e+00
8.037816511331379310e-01
8.810384551682657328e-01
-1.128865905101900990e+00
-1.200607111483794398e+00
2.235647674962051856e-01
7.766875716529247908e-01
-1.052581125656979255e+00
5.699350409775718607e-01
3.717487959504843231e-01
6.510171745022833578e-01
-2.201617549146769992e+00
-2.546039843640885536e+00
-1.626320253512482772e+00
-1.106648295043866748e+00
-2.096714128238617469e+00
-1.607724201870700531e+00
-2.196301361289899834e+00
-2.356424539084067682e+00
-1.908461470559206896e+00
-1.566325342451550418e+00
-1.866762776793893908e+00
-2.982371008755617670e+00
-1.801779110481578128e+00
-7.256221512203563373e-01
-2.036550495053605081e-01
-2.792465060329253276e-02
2.407071249492643006e-01
5.253236034153060396e-01
5.136029280878233738e-01
8.226496591396667002e-01
8.082884477963051539e-01
1.003889285687232347e+00
8.266472468917467342e-01
4.906877369008641465e-01
1.023241800217505437e+00
1.170163205484985314e+00
8.733364715081187724e-01
9.852923001951382487e-01
1.225140566172659318e+00
5.503006796143193879e-01
8.213103190683205268e-01
7.047869137343309998e-01
9.228041698442722707e-01
1.008527126996396905e+00
3.074185087916769116e-02
7.254111572156740628e-01
8.123080483420883624e-01
8.670832446360494661e-01
1.351016643443928855e-01
6.404688238990640103e-01
5.329949838116749827e-01
5.605126879366265635e-01
8.412742385307834247e-01
6.514096441720965691e-01
4.588239531305402519e-01
5.978142386609411885e-01
2.276913580018611605e-01
2.653297508157324500e-02
3.300941312498600344e-01
-7.966651985551569393e-01
6.856682389242071962e-02
-2.284728488614015673e-01
8.499564511988949578e-02
1.629576252321270624e-01
-3.794387713614301716e-01
-5.442157288210122124e-01
-9.593861362140576610e-02
-3.608705943798431459e-01
-1.410379467292905975e-01
-3.944845723907515755e-01
-6.813326126726251264e-01
-2.282951227942072503e+00
-1.124379989561007376e+00
-3.285400498199398389e-01
6.627570568161415820e-02
-6.815409778151465536e-02
1.668721217897022602e-01
1.951119351917533218e-01
2.911076909567458237e-01
3.675020421597046116e-01
2.537510009468542660e-01
5.199939634807315691e-01
7.681177652707399384e-01
-2.392773953303246603e-01
-2.479563831057560286e+00
-4.489904466491603796e-01
4.888033685274509876e-01
1.731663125721472907e-01
8.496438109378352532e-01
4.499686763972536307e-01
4.961349805185528289e-02
-2.555086447467081259e-02
-1.147356889595803064e+00
-2.093470279348361718e+00
-1.448774877709045006e+00
-9.710397146632054888e-01
-8.177164089144476344e-01
-7.413837605788803353e-01
-4.320053198323253046e-02
-9.875076220836816188e-02
-9.475885391269751878e-02
1.896581814784336628e-01
3.408764091093153814e-01
-5.984468411033314617e-01
-1.787371579487469164e+00
-1.745811807605073041e+00
-1.143334044024320706e+00
-8.491583945886438389e-01
-5.125276559233425955e-01
-8.007118577727188047e-01
-1.819969598853163686e-02
3.593329518089400931e-01
7.362415486079754157e-01
1.590896678839668621e-01
1.985820738593293555e-01
-9.471045562933516626e-01
-4.003296709407201670e-02
2.758387626159247707e-01
5.462110320299494726e-01
-3.502151025100871951e-01
1.148452240722689088e-01
2.459312804949095321e-01
3.926889942954866486e-01
7.931186687450698658e-01
1.985352629577742944e-01
-1.752333976303993290e-01
8.921540209440507185e-01
9.630630157889800147e-01
4.553796977989351680e-01
4.173646180363456137e-01
-1.409358446918775321e-01
4.325386809016305012e-01
-1.457027904089363279e-01
2.945823355475228958e-02
-3.151646688600873852e-02
-2.363676709009282506e-01
-6.394433200149268748e-01
3.092734273534800127e-02
-4.609272838654259741e-01
-8.104295503173908344e-01
-9.999605984423947103e-01
-4.190812220020084244e-01
-9.402993095881622132e-01
-8.833370992723013071e-01
-1.044443543842739075e+00
-8.026851768907459217e-01
-1.040669696576074443e+00
-5.635685304223931880e-01
-1.383064584374287809e-01
5.631517785824836919e-02
-1.165172486282811004e+00
-4.634598228547986420e-01
-4.896198066661351378e-01
2.188680069785670784e-02
5.247529182668178027e-01
5.565309538266518391e-02
2.189869991291301110e-01
2.485144387293456991e-01
7.017877721800503954e-01
7.804010363901524583e-01
8.759539532074331891e-01
3.480814732685867940e-01
5.344784488035760894e-01
3.647432370462339035e-02
-6.847038530465365813e-01
-1.559673581461822334e+00
-2.416984646396601821e+00
-1.189483265280475432e+00
-2.570199516458056443e+00
-4.225330756854889236e-01
-2.790965672703145994e+00
-1.633065299120119773e+00
-5.155378547627030850e-01
-6.766033897528893615e-01
-3.124921292289489227e-01
1.842143099306104426e-01
1.632679625669933299e-01
4.038007620745324711e-01
5.158847362201950393e-01
4.240787822721114320e-01
3.392494634551787569e-01
1.782012381885263730e-01
3.706955488902693441e-01
4.913189818508989504e-01
7.733851972157321786e-01
9.660006913992178479e-01
2.345165274510237763e-01
-2.203729517571784147e+00
-6.694809186289314429e-01
7.030816486212355942e-02
-2.357549399339238239e+00
-3.558451939149206988e-01
1.383426955969688232e-02
7.911657920260889432e-02
5.060346796146782816e-02
-1.481518186694577022e-01
-4.241158846998391296e-01
1.546141981426805631e-02
2.859469582280342315e-01
4.790399371021037966e-01
2.175990230081238097e-01
3.003152693831670494e-01
1.494180898405717828e-01
7.226212065522887862e-01
8.202164763758580390e-01
4.258882813022193403e-01
7.015349569929527629e-01
8.301548107675580379e-01
4.567695444746394662e-01
5.289561628410460736e-01
3.831897895929872733e-01
2.294907138894069498e-01
-6.216365205157719370e-02
2.955779905487470605e-01
5.785446595959712335e-01
-8.127241489961246623e-01
-3.718465684020135775e-01
6.233387685073082940e-02
-4.187433633621194806e-01
-2.826937459771989292e-01
8.318608164499970981e-01
1.105288266083311877e+00
-5.239361338726341577e-01
1.112027285129934262e-01
6.973998551113830269e-01
2.245093029157293474e-01
9.251651121560278135e-01
7.268075327536949182e-01
3.692184517214391337e-01
-2.277131719689596406e-02
8.539561757631247696e-01
1.516236933845416468e+00
2.434949802088572646e-01
4.509338292165339102e-01
7.754322295398269338e-01
7.926992059447565131e-01
1.058952544395970641e+00
7.535627464256592356e-01
1.119630353768132247e+00
7.536452699638385155e-01
1.452759370376239534e-01
-2.527888877787219379e-01
3.364805354382907066e-01
5.722975475131475420e-01
7.393859903827953994e-01
7.201655114945443303e-01
3.209736113339596297e-01
7.950644240377684469e-01
9.651300922896781653e-01
6.515104609669143398e-01
7.868788280830011361e-01
8.439616602474523388e-01
3.541019702010231307e-01
5.185976830787090153e-01
4.988652855552438981e-01
6.747403846924850956e-01
-3.166197685456836330e-01
3.350359890851581923e-01
7.538437845080643296e-01
6.913132872523869432e-01
4.941301674608967742e-01
1.279456673107118581e-01
-6.516245286137114512e-01
-9.406349109612580084e-02
2.922890500843526307e-01
5.315791010347437062e-01
-2.540961313362150586e-01
1.289043911551278065e-01
-1.157244738835711689e-02
-2.383924225459130575e-01
-1.843208223187689399e+00
-1.374561920611486743e+00
-6.292623629781703976e-01
-8.508691463303055813e-02
2.842656744330352425e-01
-1.059785167477099964e-02
-5.418895740313313114e-01
-2.959389402114245282e-01
-6.916587994814892004e-02
-2.882640778907615831e-01
-2.103236199929717110e+00
-4.416175606370321138e-01
2.602108535064293071e-01
1.358909710925903236e-01
-1.356601533894880030e+00
-1.254716858866566920e+00
-1.445015028130607337e+00
-1.022430034629046025e+00
-7.849669104264953567e-01
-8.849686109046259741e-01
-1.567075271087767785e+00
-2.026974642813300864e+00
-2.226547776519794297e+00
-1.815775424595323928e+00
-9.057300022628723690e-01
-3.615549889024565755e-01
9.145435501921853061e-02
-1.335817575456383910e-01
-3.260424753214420379e-01
-9.193991685543027037e-01
-7.140954653503981397e-01
-1.690669913236687583e-01
-8.125891556298423524e-01
-6.865308879062308467e-01
-2.836410224101412192e-01
7.009743626957252310e-03
5.649111882724129341e-01
1.224088839220717206e-01
-6.337295284497757031e-01
-9.833393308798904497e-02
4.299998112089904456e-01
7.101448820737594758e-01
7.836366200253481740e-01
8.591545905660979976e-01
7.216242690111824842e-01
9.133338455008330747e-01
8.589005922568894169e-01
3.046842751829071938e-01
7.299643269147549907e-01
4.556015859079943775e-01
1.796929853174528136e-01
-1.332599165186949319e+00
-2.252651715306090985e+00
-1.255782297592671126e+00
-1.247665390633750260e+00
-1.867858274706323041e+00
-8.859444475353484005e-01
-2.584406826020370640e-01
-8.606104286139250048e-01
-6.498670057275023337e-01
-7.203933990163108314e-01
-6.301272545453402429e-01
-2.178432293565642386e+00
-1.484816312727234688e+00
-6.719956334517229735e-01
-1.130337150081762165e-01
-2.972918548268246863e-01
-1.505900730337713878e+00
-1.353941079318567109e+00
-1.076616228362129224e+00
-1.600275068797785361e+00
-1.692703738719810946e+00
-1.185388207095553703e+00
-1.611873927711344079e+00
-2.533290717930520408e+00
-1.397004734156748862e+00
6.511510219072005889e-02
3.341801684794269423e-01
1.010001169743446059e-01
-2.080315732000098117e-01
3.072458980642976956e-01
-2.702548557955373743e-01
-2.827879895283591516e-02
5.490959060011705306e-01
3.940053335328493889e-01
3.175064520403900747e-01
8.130261679893807658e-01
3.195303313812463686e-01
5.395779514237769581e-01
5.144998500212741854e-01
3.606195232575574172e-01
5.894565135253945209e-01
8.071988325497485295e-02
-2.208073582245273503e+00
-8.413505729153893942e-01
-5.606208624008038877e-01
-7.231433682768979854e-02
2.982225510176978595e-02
-1.064014998479104301e+00
-6.131920336192088206e-01
2.791075039779781775e-01
-2.442971389456021769e-01
5.771359806567779582e-01
7.546253884532270195e-01
-2.915024718699996686e-01
5.566354386808383126e-01
7.859386247332020847e-01
1.004523007715895977e+00
1.153986988017618787e+00
1.092421782745056413e+00
1.049103609963663475e+00
8.506312315576641803e-01
9.617786557649976587e-01
4.563775191707980516e-01
-5.378515959536460667e-01
-1.628882761985022576e+00
-9.083056346548225024e-01
2.470631441791181493e-01
6.978675804682366035e-01
-1.901864758930085220e+00
-7.608238362837247415e-01
-4.054860758654417752e-01
8.580986774573436116e-02
2.680671455060462116e-01
5.153447176764196502e-01
-1.967407313886306186e+00
-2.243253107740156960e+00
-4.755716525825696706e-01
-1.816674864939946676e+00
-1.109874778166862974e+00
-1.918552852219378657e+00
-2.949759365087477825e+00
-1.055857400877761476e+00
-4.860089807788853800e-01
-1.069698234033847672e+00
-2.599011564891480774e-01
3.043625881894857499e-01
3.185274503847598804e-01
-1.580723996933861841e-01
2.300420793623682847e-01
5.411503201223102355e-01
-1.631131224590985918e+00
-4.474596229943903491e-01
-6.496905997565191604e-02
-2.934294009921000201e-01
-7.441316981945420572e-01
-2.003017445499388760e+00
-2.644514868656975271e+00
-1.915075592963802587e+00
-1.026273753757893648e+00
-8.169525695223074369e-01
-2.759795099622943670e-01
-3.183610911059301385e-01
-2.194229148489907910e+00
-1.330166030620882012e+00
-3.028869554583533685e-01
-8.516264247824704980e-02
8.882906365616863309e-02
2.976709323375607563e-01
-2.385166146073966487e-01
-1.140870864241902760e+00
-8.495072806520513886e-01
2.425104070319776262e-01
3.690627918116342054e-01
1.982991108791578028e-01
4.570009293247430660e-01
-2.870325124487303481e-01
1.709420885972562087e-01
7.735695857389582840e-03
9.292719657191998717e-02
-1.720898198443168992e-01
-5.577347146749487283e-01
-1.274742921307214116e+00
-1.692145739440677144e+00
-2.614639537807986969e+00
-2.428980871395380436e+00
-1.124805544445031780e+00
-7.094049284400324451e-01
-1.448549030744501698e+00
-2.112610109351960030e+00
-1.171759356726667978e+00
-1.611983647527584163e+00
-1.981377209578621068e+00
-1.549224170834572645e+00
-1.576218897363962146e+00
-1.429810339214766080e+00
-1.068378353805913145e-01
-1.052700087840559906e+00
-2.179015329301136616e-01
-1.355637307529898028e-01
-9.965064206913505362e-01
3.076378329986877991e-01
-4.220964888239110702e-02
4.607485992331000202e-01
8.703362279313325844e-01
9.720752581699464434e-01
4.115381115223337161e-01
-1.622897705810002200e-01
-1.101467123389937797e+00
-3.190595564116328609e-01
5.993615886163520395e-02
3.338896744034050013e-01
1.916701327094409713e-01
-4.853129186720621102e-01
-7.371354476889642182e-01
-2.057150097292610003e+00
-9.064755253248764078e-01
-1.093161217406274366e+00
-1.006386150653512557e+00
-9.374532486228909223e-01
-1.634576464862225187e+00
-2.194793784019215099e+00
-2.844008594083780483e+00
-1.477455469728020887e+00
-8.908392708070524968e-01
-8.678800804466682006e-01
-1.942359180144257236e+00
-1.299614273006646892e+00
-2.175879819698095741e+00
-1.902282572918850612e+00
-2.210942700813625983e+00
-1.053701005454933171e+00
-1.246308079169702543e+00
-1.169675667241688144e+00
-1.305604628740403728e+00
-1.826700006083047390e+00
-7.182387088323933799e-01
-8.419133291488881121e-02
3.655775923368874136e-01
3.838006763835745128e-01
2.835245558323826742e-01
3.409276213601046823e-01
3.304409918534925161e-01
2.373734304469268253e-01
3.618534932104301438e-01
-5.488324599345323351e-01
-2.830819052255796997e+00
-1.501516172208200217e+00
-7.105553776070151484e-01
-1.030107791779915516e+00
-8.924116476562284905e-01
-9.305133349276721866e-01
-4.287953541884937936e-01
-8.886838321956774811e-01
-1.226762488027579368e+00
-1.275458276457212436e+00
-1.602184748084427124e+00
-2.374267834559799617e+00
-2.376852744645420845e+00
-1.967026771024937171e+00
-7.612674846281983765e-01
-6.012143412055233060e-01
3.278860909271118229e-02
-1.161207591563699210e-01
9.975662738130962326e-02
2.767650234936838705e-01
-5.405567345813339086e-01
1.244119466686679082e-01
-2.948914653250406595e-02
5.045864180708458102e-01
2.204457636246665853e-01
6.600175967608136185e-01
8.854279966359251963e-02
5.266857984242175883e-01
6.474565469195852074e-01
5.371198716014319308e-02
3.060581056716817905e-01
4.386367419554814129e-01
4.814575672162991760e-01
-3.662086695322832597e-01
-6.369879886424606452e-02
2.128586853443675819e-01
3.926698824588198411e-01
4.718235327928819167e-01
4.795190277210948926e-01
2.314957412185160157e-01
-1.383562411024939764e-01
-4.834655410169516609e-01
-2.283554754248513508e-01
-8.377688161586054755e-03
-1.994915596395636648e-01
4.595752342187130468e-01
5.667980802609646762e-01
-2.765805031153206195e-01
-5.499357499705300745e-01
-1.716333201954972409e+00
6.908017427710282099e-02
-3.802720330288391071e-01
2.702618712591495220e-01
1.879060035332626166e-01
2.549150708385359843e-01
-5.133081519488156275e-01
-6.687976391976040436e-01
-8.494845987716013180e-01
-1.912268115741008745e-01
-3.713805726283508912e-01
-1.540431387920383581e-02
2.382477335603045421e-01
3.868836687188442203e-01
4.212500929801893390e-01
4.426270856585829971e-01
4.483767259030557173e-01
2.220643919155197432e-01
3.532214867469770092e-01
1.143094216867934498e-01
3.892834787035239219e-01
3.712402044711825555e-01
5.048560480699479935e-01
4.229398332801197480e-01
-2.038476728159088758e-01
3.582700210352426917e-01
4.501369374433013548e-01
3.666745473996033677e-01
2.376402947711724611e-01
1.409570679564698392e-01
4.454473673016925983e-01
-9.339307348258205077e-02
2.019685161394416673e-01
2.870549673742526786e-01
2.444880225744001379e-01
-9.062776651321495791e-01
-1.966356570238330381e-01
-2.917832165882845441e-01
-7.454225251257776824e-03
1.022578865074317694e-01
1.136264624183432326e-01
1.405329004498668266e-01
1.206807935035614787e-01
2.106684059149254232e-02
-3.366507032716838932e-01
-5.981840357477746783e-01
-3.162648928059737519e-01
-1.323454242332207098e+00
-2.150487177059419996e-01
4.479772826541104647e-01
3.835039722785699157e-01
-2.462230280408051197e-01
-3.695294917662176326e-01
-8.814645867282644431e-01
-5.025706155630216276e-01
-3.619986418753477070e-02
1.333809769084652319e-01
-1.019874584135595230e-01
1.951034613060433909e-01
-4.166776926876228915e-01
-2.432091130245369381e+00
-1.771890214736055791e+00
-7.188018163809025696e-01
1.089133632786302291e-01
6.884964459887255028e-02
4.410982422583328288e-01
1.363473356320048235e-01
-1.364263095124690350e-01
-1.900851174451781145e-01
3.678775101094741012e-02
2.217140502107282918e-01
2.126725481924692240e-01
-5.979722680428195547e-01
-1.245368414178158911e+00
-3.007304747222840913e-01
-3.138021557280520346e-01
1.254466067417772113e-01
1.110191907873857575e-01
-2.818435103951382192e-01
1.585127226433417566e-02
-3.776761918813210245e-02
-2.243538446556663235e+00
-2.273180573199075294e+00
-1.494067957839667615e+00
-1.680354956615768003e-01
1.290196706311765307e-01
-2.273131941135203560e-01
3.699693330410466774e-01
5.542367214667998088e-01
5.681384473194451834e-01
2.126623498425215530e-01
-4.654902566628236205e-01
-6.090802846892185984e-01
-2.254761057577681915e-01
-8.437867957516285156e-01
-2.026693326786694893e+00
-1.232792823103929347e+00
-1.138170918608024218e+00
-1.195510775053097330e+00
-1.058697981739171734e+00
-2.088572955934164810e+00
-1.663412007912317137e+00
-1.775591540498940635e+00
-2.294789623104618759e+00
-1.368404023877232811e+00
-3.366298588274254655e-01
1.720382145388184292e-01
1.759676839636946655e-01
4.132945167558619293e-01
3.554817534950223679e-01
1.773806717031335967e-01
-8.313989826129910554e-01
-8.097613367856976163e-01
-1.357159621143231854e-01
-1.009795596243872884e-01
-3.232516407942216397e-01
-1.650948679418754894e+00
-1.220255162861426212e+00
-2.001815765705026728e-01
2.397203190807488393e-01
5.420041025130056811e-01
4.780396227228407291e-01
3.216877870522097949e-01
5.780920639127181682e-01
8.673571967512005987e-01
1.110027966416989420e+00
8.698577789979438091e-01
4.997111283537989390e-01
8.409818470508081401e-01
8.819876720384268731e-01
9.463170913321898858e-01
5.047227348287269821e-02
3.559613623587198905e-01
6.131712275453037320e-01
5.762895925803320774e-01
4.950491508512861460e-01
3.686129509751547850e-01
1.939133439323035280e-01
5.524119300438009583e-01
5.631613923956022560e-01
2.955448356567094703e-01
6.086122791982111480e-01
-8.173704325187655662e-02
3.426463565433117697e-01
3.228051388670642452e-01
4.250305650334687546e-02
4.510161536270255178e-01
5.635628858290447907e-01
5.915674420254426469e-01
2.524270530621396946e-01
-3.015647925125448103e-01
2.248045381988588234e-02
-6.093047909183539890e-01
-1.530581836556563324e+00
-2.463787318007205851e+00
-1.141843081369129820e+00
-1.256663279754124396e+00
-1.688040351043177401e+00
-2.620780149320381280e+00
-1.083703678345012023e+00
-1.550592694015330286e-01
-1.680793536463754401e-01
9.959335992337142729e-02
3.186701997533774589e-01
3.333647477499743772e-01
3.338083774084434907e-01
-9.334186838700999633e-01
-9.147770584691150564e-01
-1.629451246930323782e-01
-2.306788837302748973e-01
-1.797282714350008914e-01
-8.599085375042807289e-02
-5.931054260339591044e-01
-5.289536089850501582e-02
1.013326747339576006e-01
-9.220131737791750215e-01
-1.853304833820240471e+00
-1.032714859697160925e+00
4.772249356967394607e-01
1.920178032618825026e-01
3.262176729008048892e-01
5.453235667076301585e-01
8.619046425241174703e-01
3.021772913131667293e-01
-1.505488603905855927e+00
-4.376824423378672946e-01
-1.039933824106422794e-01
-1.382792673246925341e+00
-2.471833091887772893e-01
2.358842926459087386e-01
4.096546615426856913e-02
3.424616272748609025e-01
3.263917800108986356e-01
2.450722410605345181e-01
3.598481167810209103e-01
3.667468696798292238e-01
3.242684503902101278e-01
4.892788506088876360e-02
5.061668517477967422e-01
1.968030499496440169e-02
2.046041882002919698e-01
-1.016276533174170771e-01
1.772897987031061551e-01
2.314641705813506312e-01
-1.364702980003901889e+00
-2.438793541841925094e+00
-2.481420615412396558e+00
-1.068612526138931651e+00
-1.478558877674555072e+00
-1.667972304961870267e-01
-2.033220586859051104e-01
3.000843454603749905e-01
2.379478641264101413e-01
3.215065703928668417e-01
1.472962330989677389e-02
1.713341827333212386e-01
1.400103605077019364e-01
1.277068149727297597e-01
-9.814081706098625180e-01
-2.877973085518285568e-01
-4.226539749290861847e-01
-1.328612409974707420e+00
-2.460630757689079129e+00
-7.850611808625485022e-01
-2.494730601641914347e-01
-7.890289600888875654e-01
-4.714764630691155034e-01
-2.072401909266835318e+00
-2.254277425262409817e+00
-1.606685703092814776e+00
-3.255501851126375579e-01
-4.239811754676765521e-01
-1.035682972314433577e-02
-1.767136928080309533e-01
-2.247064064113689363e-01
-7.851886317594790332e-02
6.928004240734128572e-02
2.174550076248468189e-01
2.538256840269091930e-01
-1.307055260235095551e+00
-4.564160157762727765e-01
2.318178177603685552e-01
2.171107789101189844e-01
3.219137551480074633e-01
-1.628119021102609754e-01
-2.881852735642462249e-01
-2.786584955716540635e-01
-4.756628385352626998e-01
-2.932886941474133202e-01
-2.798196467062611381e-01
-3.477076567421944486e-01
-6.208493495220688274e-01
-1.191709912956284700e-01
-1.880276744513658116e-01
3.351503240635811953e-01
8.082811258337333493e-01
8.261779854495041597e-01
7.734761511518062349e-01
6.798729390050131105e-01
9.112728211092281372e-01
5.751678640541841858e-01
2.234550142387710381e-01
2.474285195257469594e-01
2.432023037276851429e-01
-5.620143358614630991e-01
4.021257352936717377e-01
3.605897190353093418e-01
3.106710340481291799e-01
6.080159880976195863e-01
6.432651895930689978e-01
-1.470092217793073752e+00
-1.711036188172313510e+00
8.964662046321987890e-03
-1.239283438376263424e+00
-1.335533854817165356e+00
-4.974143141496217835e-01
-1.025955592091551738e+00
-6.438434374346546640e-01
-1.990490804005014547e-01
-9.700435604360724967e-03
-2.074323599499053317e-01
-3.841018598778270787e-01
-6.875437433181534885e-01
-1.050499158721480419e-01
-1.186209883880195770e+00
-2.268391594417038526e+00
-1.547115002298907305e+00
-2.250049835930061359e-01
3.733900941946216023e-01
1.186738884357044499e-01
2.396415818415270904e-01
2.693914234214597747e-01
5.941235373775295425e-01
3.788780214408332681e-01
-2.315847270982235862e-01
-1.079695637023657673e+00
-1.049090197803155683e-01
4.275118383344791440e-01
3.552831546582075339e-01
2.049425532448032328e-01
-8.504644775253790145e-01
-1.900426405785623496e-01
-3.421337141525392922e-01
1.691846715785745581e-01
3.981163272536240028e-01
1.218985543629346607e-01
3.554915422870048025e-01
2.823633555738168655e-01
2.027616620255525137e-01
-2.917929615569885282e-01
-3.330566662752548757e-01
-1.653274093264019695e-01
-2.780397542461746085e-01
2.481777232613950057e-01
1.176575840165427767e-01
4.676087026930690893e-01
2.813535916807381049e-02
2.862101984884117822e-01
9.037373431561573911e-01
1.127368035816254332e+00
7.638409118690988597e-01
1.034298301055821545e+00
1.113802262713420976e+00
-4.202574019664890304e-01
5.143624379181345185e-01
5.960560964331462763e-01
5.238090345753311228e-01
3.788018972108739835e-01
1.449427299393024893e-01
3.770661556673199355e-01
3.993518365420416216e-02
-2.270248767164346204e-01
-2.248995564037233330e-01
8.434159894211423758e-02
-2.444535645174563232e+00
-1.598285594291849243e+00
-2.164505160314763033e-01
-1.527505465196524470e-01
1.254395422064605858e-01
2.679438236679462793e-01
4.449838301642633498e-01
-9.654130346104853322e-01
-2.259094489748869172e+00
-7.948406343721750034e-01
-1.108974098527220953e+00
-1.447028840131341587e+00
-4.219980684033710072e-01
2.107942530289679262e-01
4.628500187436253022e-01
3.482420675308366964e-01
2.304543825097464804e-01
-5.486178300720467860e-01
4.213409902340032459e-02
2.990732300377019204e-01
2.525381629417718377e-01
1.997074045098826967e-01
5.671025015035878747e-01
7.764033067283065970e-01
3.652338428574489204e-01
-2.368127022619496980e-01
1.252965535024453403e-01
-9.990168787176191278e-01
7.087513324745768617e-02
2.557247733145638913e-01
-4.612279205653238567e-02
-5.340172193207269880e-01
3.301570120348601978e-01
3.598550570903499279e-01
1.099268399449291889e-01
-5.104241444963519836e-01
-8.604257313541224805e-01
5.224485487998125066e-01
9.238883472650474271e-01
-4.010252171391189280e-01
-3.735124520283491512e-01
1.562364072046227292e-01
4.863691607917791093e-01
6.851483526773046728e-01
4.288119414704751331e-01
-6.057703339441087298e-01
-2.649515878740766328e-01
-1.183104157461371125e-01
-1.447449822056008362e-01
-1.368722900119707875e+00
-7.705186756387315261e-02
-1.868668542084159501e-01
2.553476891840156249e-01
4.476417680814361727e-02
-6.016035711526651619e-01
-1.025194790790482369e+00
-3.284965620124320473e-01
5.229679873782253630e-01
5.221546767359029895e-01
4.153802410142921064e-01
7.369545262482125603e-01
1.176305190613319063e+00
-2.306884063994223133e-01
3.695785014489749720e-01
-5.776182721561942124e-01
2.288605091680288584e-01
-2.516076003601743216e-01
7.879370024263119276e-01
5.058796928833585449e-01
-4.444255133164704552e-01
2.846996021708282365e-01
2.470378216749327949e-01
-2.154611078085931497e-02
2.106589660312988277e-01
-2.703496776721480144e-01
7.421935326117617970e-01
1.098787773876231499e+00
1.761473469005539125e-02
-5.317999383073166442e-01
-9.630611447238248690e-01
-8.462101887491474406e-01
-4.910344660205940293e-01
-5.104803586549981897e-01
7.814188029339737274e-02
-2.322424386975790664e-02
1.318681747163667206e-01
1.289775537098862834e-01
1.807138906586707935e-02
-3.530997363975601488e-01
3.235442825700213243e-01
1.491792852740778941e-01
-1.636609112038430736e-01
3.444671569901288088e-01
-1.509153095587145721e-01
6.450949586821373982e-01
-6.477646084568339235e-02
7.393772573633741185e-01
-2.097635721917716634e-01
-4.552116262592250107e-01
1.497126726263053043e-01
6.101820628411346731e-02
1.242661638645111699e-01
-2.649460972751469523e-01
-2.674042422217260406e-01
-2.083568226588106143e-02
3.390836301605442138e-01
1.491238428456823639e-01
6.503892730384853715e-01
7.330754533754361146e-01
4.223973182789935721e-01
7.227327419714292267e-01
7.220160069332962616e-01
1.151189926803631414e+00
4.937492560923853469e-01
7.066554387044360341e-01
-8.221289681622180323e-01
-7.043621600521353388e-02
-6.607272995174092722e-01
-5.883862173529164769e-02
3.054025820378264422e-01
4.476972001342369722e-01
-1.470039531995189219e-01
-6.451563966154877372e-01
-1.150098034611263254e+00
-5.341221984687418711e-01
1.640321756664320230e-01
9.637297084890300569e-02
2.453863018226730697e-01
3.468762870162476752e-01
-7.994678957267900565e-02
-8.579359422425064663e-02
1.312872201323745935e-01
2.074993083094093249e-01
-9.860173150574798318e-02
3.986676022083026627e-01
3.108412258594319688e-01
1.051792637368221817e+00
1.015631377482838049e+00
9.296242080243691808e-01
9.597584217355656921e-01
-1.469839248252128583e-01
-3.659186902876383485e-01
-2.770208454960594868e-01
-9.506766113927214712e-02
-1.849809864982667751e-01
3.374927244050836550e-01
6.182236522233375275e-01
1.039510649119664176e+00
1.088239364262215902e+00
1.123823597108364991e+00
1.161071285616601223e+00
4.826759850458105516e-01
1.043216626333316688e+00
9.906379996484668826e-01
7.964829635523003049e-01
3.299244408897911152e-01
5.606034142709995782e-01
2.127227599492801935e-01
2.495054098581653557e-01
5.866872229384240134e-01
-5.855758215442740111e-01
-2.268985217428260148e-01
7.458602007007783530e-02
-4.235224262750084678e-01
-4.453209256343028111e-01
-5.891130725749879060e-01
-3.039954693874932778e-01
-6.988364760970231515e-01
-2.002078890746560313e-01
-6.997522858429687520e-02
1.204526495063487496e-01
2.147008969566325254e-01
-2.609713865957662415e-01
-1.163089111114085084e-01
7.665433377468720832e-02
-4.065127558984875655e-01
-1.090964297215016421e+00
-1.674918705832896038e+00
-1.081592124288205614e+00
-8.339414489552351428e-01
-3.226838777658712076e-01
-2.582048855281256494e-01
-5.248069748925835443e-01
-3.949760099802854252e-01
-3.495339409630063288e-01
-2.101045732165411906e-01
7.502589873577289459e-02
1.505465266318813389e-01
1.905765734900156105e-01
-9.613089747556943787e-02
-8.551124471961996099e-02
-1.115823636614741154e-01
-2.058356342337441525e-01
-2.096675653107803183e-01
-7.183842167536215184e-01
2.965115581871256567e-01
3.920682347178739424e-01
3.668979048342876914e-01
4.969491867985146860e-01
4.823075781048266619e-01
1.105591419197731046e-01
3.496292677630605805e-01
4.038727060733522944e-01
6.427530678842306999e-01
8.575455336432565856e-01
4.581641558966899619e-01
5.071845905900150830e-01
5.687840003948422263e-01
2.483536472614296109e-01
-2.746749911173930192e-01
-3.552676627988346492e-01
-2.773999491760506184e-02
-2.717453683330691150e-01
-1.777651630300846608e-01
-8.910752178877065499e-02
-1.169073195819440247e+00
-1.046392282852132816e+00
-1.434443101047846003e+00
-1.810439622310799690e+00
-1.611708892434083884e+00
-2.189358971875238868e+00
-1.760228113311641973e+00
-6.445735517900258449e-01
-1.907001718474372540e-02
1.645263295651884783e-01
2.392758741518189181e-01
1.997119945209588077e-01
2.056131175710786962e-01
5.402375908587302433e-01
6.459125650056025680e-01
4.182980037089686354e-01
2.501062506959858545e-01
3.113959437703909261e-01
6.457482418137551472e-02
2.774347362161652675e-01
-1.725452057715673726e-01
-4.394179081219688754e-02
3.074707266503728387e-01
3.579170290441895941e-01
1.483828587009909938e-01
-6.566963748133498591e-01
-8.481947761255696772e-02
-1.175127568429264469e-01
5.446907909751103061e-01
3.814295540969125931e-01
4.667774125932763751e-01
6.898221890585682914e-01
4.731738162499060651e-01
3.724324497410773649e-01
5.787268866228462150e-01
5.505891323551150851e-01
1.522082974588098991e-01
-3.921191471672883511e-01
-1.510664557741358272e-01
-7.293595750837711389e-01
-1.130093106660527702e-01
-4.324521895020665974e-01
-3.783936907184329290e-01
-9.027867977376473618e-01
-5.281802109629194497e-01
-5.772619826056986092e-01
-1.000673078744651168e+00
-5.195808679751720005e-01
-1.348736566944457982e+00
-1.890139841419135935e+00
-1.420531456196075570e+00
-1.955642587845509262e+00
-1.637521476913903928e+00
-1.394824777146363992e+00
-2.409379439880369400e+00
-2.440175175498443760e+00
-2.503769218734806401e+00
-2.745622341896895691e+00
-2.102013824025449562e+00
-9.841836630269581443e-01
-3.300189050288170334e-01
-1.500007304077941139e+00
-6.540105120448413967e-01
-1.722982773666626777e+00
-1.941150674832562650e+00
-7.734487872330890745e-01
-2.352629298225911825e+00
-1.588761017571701739e+00
-9.963069682096973301e-01
-2.005433361465802922e-01
-5.514376670685456894e-01
-1.204393975429028041e+00
-8.774473296772242747e-01
-1.619757898388295203e+00
-1.607717806314021392e+00
-1.252837538211245771e+00
-9.897942681312287272e-01
-1.074312287242692898e+00
-5.556831187593221921e-01
-1.826556559784738853e-01
-4.393188804027410299e-01
-4.304498277837356945e-01
-1.592654809393954096e-01
3.065717784126639756e-01
2.412965825384259522e-01
-7.846529196077788038e-02
-1.170815640888311082e-01
-1.835176003591421356e-01
-3.401797180445328972e-01
-1.586377432693906742e-01
-1.999553003725730027e-01
-1.848554021264386060e+00
-2.011599575765624870e+00
-1.080648773384758510e+00
-5.190129396659877159e-01
-7.052684558740611731e-01
-4.619804293124453176e-01
3.359719742143606191e-02
4.947108208076842623e-02
1.507071400128871530e-01
3.269824725431870749e-01
2.183056264548985104e-01
-7.972765254631735132e-01
-1.439860776122553476e+00
-5.445499543582196234e-01
-1.558362559222670751e-01
-1.062475997436960640e+00
-1.057655289177879210e+00
-1.297070527033508336e+00
-2.037455001472476379e+00
-2.133835437870340801e+00
-1.252907203463613284e+00
-1.289063238430596892e+00
-1.132185831909438001e+00
-9.477111877309392085e-01
-8.378833295933652003e-01
-3.904112628700447951e-01
-3.689902748171303148e-02
-7.890928046200090806e-01
-8.688443900557034638e-01
-1.329732969451171476e+00
-9.240502282552865987e-01
-1.232742841906634856e+00
-2.877542590386441557e-01
-2.990007555498043201e-01
-8.284756284778078683e-01
-1.646203536440159765e-01
-1.263581163201143998e+00
-4.219473213824683211e-01
-1.723206384671499428e-03
-1.195715186797383867e+00
-1.037032002377676676e+00
-9.976893211385085003e-01
-5.171295406695749497e-01
-8.877241423225264993e-01
-1.778710224372337168e+00
-1.038436112201811312e+00
-8.308264924969226417e-01
-9.002945044499734983e-01
-1.065116225547853013e+00
-6.527657814035033867e-01
-1.743172169899468660e+00
-1.945295671358080236e+00
-2.505315405223224712e+00
-8.626236448110702337e-01
-4.092520303815872507e-01
1.060241449331245506e-01
4.938195078387421777e-01
-1.704295863919417509e-01
-1.383703768589614524e+00
-2.295540115452664676e+00
-2.572178225623476422e+00
-2.920492965746388059e+00
-1.828598452468847668e+00
-1.682140431601216735e+00
-1.501465502076509306e+00
-1.724709904166756180e+00
-1.056602399210190502e+00
-1.954269997503755851e+00
-1.107719681092016684e+00
-1.904740187589625267e+00
-1.559313442256934357e+00
-4.447211451644659808e-01
-1.440748962858378890e-01
-2.921373431052316505e-01
-5.112818491045540981e-01
-1.366163506843523223e-01
-9.554343793456228084e-01
-5.677269276134166986e-01
-4.996861068355761271e-01
-7.157376267708926987e-01
-1.084364582232171026e+00
-1.309444151796432143e+00
-2.341788194757504105e+00
-2.443983628992944190e+00
-2.179491021021051633e+00
-2.348144576775817338e+00
-1.667471888155799054e+00
-1.044369719507585836e+00
-9.465609103480774333e-01
-7.016484426815704500e-01
-9.288717468169300773e-01
-7.080062275178166109e-01
-2.044210410004639322e-01
-6.347565529175652754e-02
-1.182457305124852365e+00
-1.452578076698467058e+00
-2.059366924963787593e+00
-2.229589259240422727e+00
-1.180140830792822948e+00
-1.539739895346769361e+00
-2.012609812978611856e+00
-1.698013544593965252e+00
-2.157197067801006174e+00
-2.350666697154462970e+00
-2.001230667908543648e+00
-1.886380668007738182e+00
-1.493463735723944419e+00
-1.875372993135933308e+00
-2.228902054022152690e+00
-1.765113270156105862e+00
-1.370871314254264339e+00
-1.039186016387118938e+00
-7.133220691954026416e-01
-8.765836443017666069e-01
-1.596330630355542013e+00
-5.033329903413814588e-01
-3.323906911527403363e-01
-3.586658766222814432e-01
-1.455644125568006653e-01
-4.419525265835743677e-01
-1.561186229027575756e-01
3.020101192038598392e-01
-2.733128383005712370e-01
1.252216196388116209e-01
4.032242240879815864e-01
4.009988865029140426e-01
6.399667809137432606e-01
8.242098006546476618e-01
7.881200232770662062e-01
4.255755792315235597e-01
4.369686786912429510e-01
-3.613849486880155726e-01
8.362045834235082298e-02
-6.924381145371258928e-01
2.756416131045945628e-01
-3.495102811636086604e-01
-1.378088826206588235e-01
1.256115741043657974e-01
4.710134798529886924e-01
3.067434323622524883e-01
-8.243175396049219616e-02
-2.821103153088240223e-01
-9.962065144101737157e-01
-4.689041435057785812e-01
2.302156437050744409e-01
-2.379585777286842008e-01
1.246381465210449901e-01
-3.833379933599426748e-01
6.469320117577248910e-03
3.126515285573476799e-01
2.409194648216015366e-01
2.795373771067340418e-01
3.593472358032370195e-01
3.793564676615094333e-01
3.241824408854173112e-01
2.130245830572884969e-01
4.438533724268854397e-01
4.063994699192128301e-01
4.545076567352840380e-01
-8.643576390969466283e-01
-1.541595348643363783e+00
-1.800317184669463666e+00
-9.263810699278535177e-01
-1.186977528840589713e+00
-6.277128633446916739e-01
-8.192141583181335174e-02
3.096528462266655291e-02
2.097876081978792551e-01
2.675876269620972026e-01
-4.491800664885883809e-02
6.518643075353958150e-01
6.158602796957395320e-01
1.689185834413625964e-01
7.321240460132982797e-01
2.945220150176807161e-01
3.262372951086837114e-01
5.081254444103531220e-01
8.084388727651347084e-01
6.067294185503211423e-01
2.573265053681567660e-01
4.415770798666013852e-01
-6.775759277824787707e-01
2.630614762188299496e-02
3.395942320531828984e-01
4.595199943436295564e-01
2.623089819536126299e-01
3.017376804743727714e-01
2.191006813496062799e-01
1.710171534286907269e-01
1.221305614615186136e-01
2.334808001345551887e-01
1.630342276473700780e-01
4.442632782625147159e-01
6.542345811714663784e-01
-3.151462930065441204e-01
3.726276160070350341e-01
-1.412689008462733264e+00
-3.743793231498894203e-01
1.530274284580798450e-01
4.895820811418973850e-01
4.955971769258850079e-01
7.018844855960831852e-01
5.739292409838825382e-01
-1.432241437708133003e-01
3.033214831385085963e-01
7.170571535662101370e-01
7.365553255977266289e-01
5.183178238297174723e-01
-2.327856341130488116e-01
-1.003238246562097702e+00
-2.009260197061687681e+00
-2.304687729397234985e+00
-4.680899992101010265e-01
1.870514178602130095e-01
5.545590165827423146e-01
-1.219386604655485540e+00
-2.329619523183306118e+00
-1.952702040180428478e+00
-7.639183737073178548e-01
-8.430288643909010782e-01
-8.239727596868994253e-01
-5.870521305608725759e-01
-7.953585873523757455e-01
-2.978668847360312344e-01
6.775223491046991620e-02
-2.317780738227062654e-02
2.068930300474781658e-01
7.599193475380684737e-02
1.701812804189801465e-01
3.066744276990736595e-01
1.420391726976578672e-01
2.702743292147837262e-01
3.898212293201739898e-01
5.021629066792723251e-01
6.066245586421374902e-01
5.619624468325272737e-01
6.760159720332836741e-01
7.095853018548666791e-01
-4.557521437742966808e-01
-4.509639936656922310e-01
-1.152882674832747534e-01
-1.466029375273232960e+00
-1.973777649189712768e+00
-2.818503823584742829e+00
-2.986725672768201445e+00
-1.285405888339189673e+00
-4.051341450799026550e-02
2.281871938032147273e-01
3.507247577393710070e-01
3.815092526761560410e-01
3.467545185810904651e-01
4.510064099107440883e-01
5.594559200942579302e-01
4.372494542161798892e-01
4.514225751352095584e-01
3.041355457239825477e-01
-1.128376253517391764e-01
-2.773788973660594182e-01
-1.453132465250872585e+00
-1.933341148685739919e+00
-2.125396216996834120e+00
-1.883279151672664353e+00
-1.382848227538606700e+00
-1.044272304859364064e+00
-1.043717419797457246e+00
-2.008691379347459893e+00
-1.199340788119685142e+00
-3.780371959247861846e-01
-1.417955623559568612e-01
4.747800671425504437e-01
1.474569704460519937e-01
1.318141782055678307e-02
-1.739710063767052894e-01
-1.498782362516461186e-01
-2.357292807750761277e-01
-9.501461703414790932e-03
2.909187537038884219e-01
2.696050892966516122e-01
3.677585742494187127e-01
-2.764247311752103878e-02
-7.280269339895391045e-01
4.181484558709112065e-01
5.306641738649758855e-01
8.870599342674728716e-01
9.703732309709566239e-01
1.048667648794167961e+00
1.091182834467746332e+00
1.147884869005423969e+00
1.072527188151809252e+00
1.308224170579428636e+00
1.311214185358740902e+00
1.356446405249564391e+00
1.178695815979099226e+00
1.471471039289201199e+00
1.386503448860529675e+00
1.354424718119913384e+00
1.439612035604748597e+00
1.538253185211378993e+00
1.367496415489220407e+00
1.396176810436857263e+00
1.449653609076145822e+00
1.625380587649922326e+00
1.214347203453982615e+00
1.575572263456878286e+00
1.422388520549659141e+00
1.289059151679540216e+00
1.210710022758398230e+00
1.334143765609174581e+00
1.341457594458669744e+00
1.386510464580941626e+00
1.417960680732009315e+00
1.284286797969430127e+00
1.530794788974923604e+00
1.294630228972528885e+00
8.907134932736993083e-01
-2.013967278270446803e-01
-1.898463519512805231e+00
-2.349853561503174593e+00
-2.061950817963134064e+00
-2.494970417718412214e+00
2.668859327817273142e-02
4.477425135694964586e-01
3.643062992764693475e-01
7.126932550183848192e-02
2.328336744126632274e-01
3.515830223039999036e-01
5.993594705409039936e-01
7.058659826515605307e-01
3.081140634000142930e-02
5.413365503474092122e-02
-3.453460764814275108e-01
-6.907129025438374370e-02
2.233233818113644908e-01
-3.950999802586125376e-01
-6.074902036148758233e-01
-1.428449082797096370e-01
5.453448472954822712e-01
5.794972285212682817e-01
2.101628202214287366e-01
5.593572506355782847e-01
4.459347941558954309e-01
7.456798479237169985e-01
8.303771418462658760e-01
1.146590905789421022e+00
1.174829419060731128e+00
4.573827983804829578e-01
9.324042330018665892e-01
1.232205073859063083e+00
1.211972208367667392e+00
1.110783529893315746e+00
7.740563419678561097e-01
6.935906260130546563e-01
9.698490715102546789e-01
8.634327622237560895e-01
1.000735620689682692e+00
1.088559777565953679e+00
1.175680504785853620e+00
1.159920191713172954e+00
1.136510923866917100e+00
1.232663359283253435e+00
4.454007215630891858e-01
6.865805505636205508e-01
9.721582165933407849e-01
-1.563457697514825773e+00
-1.166732946303603802e+00
-1.092166487550888521e+00
-2.345743515276230151e-01
-8.468767965322968605e-01
1.546778199963277367e-01
3.144624691457001409e-01
1.801028082795153029e-01
9.019627021957148383e-01
7.036534623765116070e-01
9.666541595421652699e-01
1.235030830974398253e+00
1.296115977097608507e+00
9.306740608299447493e-01
5.589460813494676605e-01
4.100289979132340501e-01
-9.807876066699092732e-01
-1.560405677759777676e+00
-2.251911548249533102e+00
-2.076666750039845688e+00
-1.159321300862636989e-01
-2.187418029678110720e+00
-2.194020629167330316e+00
-7.948919269185122927e-01
-6.868397484705850431e-01
-1.996450512973845459e+00
-2.894723221697405258e+00
-2.073957421135977253e+00
-1.021701456926982887e+00
-6.801544921782241016e-01
-4.469444008113811206e-02
-9.536846257703869567e-02
-1.654472057613663449e-01
-7.101436539196601672e-01
-7.348946906630654530e-01
-1.246418108233051381e-01
3.148678834557058215e-01
6.235125190291950226e-01
7.016808059934726005e-01
8.222788902630019381e-01
9.092655260794749728e-01
7.892626019521626901e-01
8.107674292011188832e-01
1.489018825813262503e-01
4.251087903883872254e-01
-3.861751912434335243e-01
3.128046256676199066e-01
4.614237699270464788e-01
2.584206069686461604e-01
4.438376285447412917e-01
6.293947252427068983e-01
7.446825669593172270e-01
3.455073551219817740e-01
9.414716685441798516e-01
7.400055957463800294e-01
7.833440681386800719e-01
1.763314141013792302e-01
2.332435213837821819e-01
1.020986625470377551e-01
1.405505823935634668e-01
3.154165550066402313e-01
-1.393289386570357946e+00
-1.017762627682693211e+00
-1.994382669255261531e+00
-2.047267630064346644e+00
-1.161361534630876990e+00
-8.583595911258188327e-01
-5.221255952415698731e-01
-2.126788604193488030e+00
-7.821921919893736197e-01
-1.349231682485432460e+00
-2.067392214658435368e+00
-4.191074841345125979e-01
-1.929998104766116052e-01
-3.951757660330412203e-01
-3.877887739467576478e-01
-9.982614815816974740e-01
-8.552140953288446257e-01
3.669711758870862831e-03
-1.062166526360105223e+00
-1.446104609479904823e+00
-1.805615225485321940e+00
-1.416062554637620874e+00
-1.621929994307332201e+00
-5.406398904404003947e-01
-2.373649018571267533e+00
-8.082744873754063031e-01
-1.854029362225100952e+00
-1.463434666042114474e+00
-1.018842044407453629e-01
9.493158106086047043e-01
1.160445426634405530e+00
1.309087634618486984e+00
1.119539848945824811e+00
6.901586704741251577e-01
-2.874092114661510600e-01
-1.200706659672754251e+00
-5.723786835393539496e-01
3.206381201764236244e-01
7.860060128493525644e-01
8.228573735960555968e-01
-1.536012169001583771e+00
-2.765731373832335804e-01
4.847383077688010022e-01
4.847369430382728606e-01
8.539533588743016823e-01
1.033105115692348752e+00
8.869036591786535473e-01
1.169037660091368780e+00
7.676304830991265149e-01
1.033086416788811190e+00
8.506410059047321282e-01
7.662241650152070704e-01
7.061133719880471338e-01
7.325476016350005448e-01
-5.198707941996911774e-01
-3.514007932996667249e-01
3.562451502531149838e-01
1.071050018549870808e+00
1.174896151488095536e-01
-7.230496181937090538e-01
-2.626215572593238790e+00
-9.018559549905926787e-01
-2.190706353985559518e-01
-9.099022736172097670e-01
3.871088772252311294e-01
5.201313610154173483e-01
2.454644753540634050e-01
-3.546171173863665871e-01
-3.732224105280992354e-01
-3.832830493661754656e-01
-7.950702021761877347e-01
8.312764790926754910e-02
4.323599838023732822e-01
6.934021857184482496e-01
4.837950714612199721e-01
4.874710580849563324e-01
4.886325678519578553e-01
6.114909968049089262e-01
2.827255525231540112e-01
-7.832305090128548475e-01
-4.014046582135283869e-01
-1.604945579627357288e+00
-2.340379970918813335e+00
-2.344911203975448721e+00
-6.405495568259407246e-01
-2.377240430183264142e+00
-2.668487448376995474e-01
4.638984987459321974e-01
1.003779957601603545e+00
8.010760533188229227e-01
3.704832266174148958e-01
4.697043589129194507e-01
-4.283971384616037104e-01
4.018841397576430330e-01
5.879613978332679514e-01
2.924354884503224117e-01
-1.272726676468668661e+00
-3.909592173175930330e-01
1.249510681991648081e-01
-1.549986864695490352e-01
-2.472040648015026765e+00
-5.708171985506592661e-01
-1.235941747580189043e+00
-2.603281366401671848e-01
4.460330492445720441e-01
1.080724215062674132e+00
1.016122278796296241e+00
5.567371988116492920e-01
-1.529607718783939641e+00
-4.399717390480366586e-01
4.148383220798379512e-01
-1.029590503538716090e-01
-1.940962693568212494e+00
-1.552446421919020103e-01
-4.873607301363188093e-01
-1.177612572824856985e+00
1.281806802119602184e-01
2.180179827478574139e-01
-1.917142503390767194e+00
-1.741866077775966914e+00
-2.432350506819807912e+00
-1.961140357360095843e+00
-9.290778788575166924e-01
-1.031501639630775236e+00
-5.157134937790979201e-01
-4.829421278211989965e-01
-7.218764552926318911e-01
-6.473836506138852531e-01
-5.272415287455706201e-01
-2.233437003690536271e-01
-6.891873551318362656e-01
-5.826868087927752904e-02
-4.115490771160618816e-02
3.630643976268813633e-01
3.465636070387506096e-01
1.043020593537224011e-01
-3.709554516937381141e-01
-8.782042541914676648e-02
-4.940127690379740866e-01
-1.358359398255619910e+00
-2.579235113874907559e-01
-5.423316537213964672e-01
-5.956935086491996767e-01
-3.567286746883410187e-01
-7.729164404028080471e-01
-5.451686113858247307e-01
-1.212289978221053055e-01
6.210040276096235878e-01
7.588694386316867657e-01
8.557063182249073918e-01
8.012507792607954649e-01
8.132161438608872528e-01
1.139939208346967825e-01
-1.602247154018735797e-01
-3.452828358893469257e-02
-4.370552558646332852e-01
-3.631991001519512818e-01
6.212780151423565739e-02
1.570947094719866155e-01
-3.281090129345946155e-02
-4.561588006473576429e-01
-1.264720420397420497e-01
-1.709401669902792298e+00
-2.825144517358715746e+00
-2.628122238258443044e+00
-2.802506154462926169e+00
-2.697560000497826405e+00
