4.075706984598080895e-01
2.159822169435821337e-01
1.015092972109242209e-01
3.472514712152444671e-01
3.190919986054853719e-01
1.926473868809749079e-01
7.825621401572317726e-02
5.660519388431531351e-02
6.284121397847768076e-02
2.566424418402442065e-01
-4.332850007977095408e-01
-6.371343746977671252e-01
-7.618804744358566305e-02
1.394260437444574952e-01
5.353532990148538590e-02
2.091869299432805585e-01
3.200567615849656544e-01
3.507445100923022308e-01
2.537788937020065694e-01
4.970557386089269336e-01
4.556654568692973806e-01
4.461023668345787674e-01
7.582086905674813027e-01
6.651240117015660980e-01
6.113755384597263642e-01
5.960781530833425546e-01
6.227763797501838505e-01
5.415496589451932463e-01
4.246401683124136905e-01
8.923328890329824958e-02
1.831341669300634023e-01
4.238566389354844199e-01
2.891508786917260654e-01
3.436970985999234229e-01
4.391731829138785792e-01
2.725539078817474925e-01
4.199894802291934126e-01
3.226909385238488914e-01
3.040006705898030126e-01
5.716359395361984008e-01
5.168881999928485182e-01
8.034678017281022822e-01
7.087247537632106464e-01
4.099739446705913948e-01
3.897289172441098515e-01
3.397553886888080021e-02
4.198880567132171615e-01
4.560543345715992181e-01
4.941699830020991890e-01
3.255675760039803968e-01
2.965482830504805878e-01
1.431566038247785722e-01
-1.193921675242897440e-01
3.627919442520241566e-01
2.486342738463435398e-01
3.264929506558343353e-01
4.195395925054362096e-01
3.215295851325777332e-01
6.026863727158815465e-01
5.260822230723629644e-01
7.152864414229797019e-01
1.239219142326630912e-01
1.710314393152836676e-01
1.433596080183947852e-01
3.177832124296702254e-01
6.758452797977967941e-02
8.627936076091903550e-02
-1.234647249808148994e-01
-2.949244824516270014e-01
-1.967191276607897221e-01
-1.013065330425417729e-02
-1.618287725610176864e-01
-5.236666214015080201e-02
2.632451915821452243e-02
3.602215940104556147e-01
-1.675227503637117255e-01
1.999269247667954108e-01
5.307256330925741450e-01
6.377693771385232191e-01
4.453400247953849256e-01
5.527972917600050273e-01
6.239916632236259808e-01
6.967504744985002496e-01
3.834169125028792924e-01
6.471472661043239372e-01
7.955643388768827151e-01
9.231287715331343291e-01
9.904596510316168168e-01
8.225854947996880107e-01
8.557504025643046797e-01
8.693505503800140755e-01
7.048819363565574925e-01
5.765948594403007554e-01
7.296145623620913234e-01
1.523459953128371569e-01
3.148222321698501691e-01
4.174752032684720393e-01
6.693060825642916933e-01
6.736864839402237903e-01
5.435111030419204070e-01
5.970265117514493847e-01
6.105599293071255484e-01
8.027081455631125406e-01
5.637603584808963397e-01
6.783680457100288441e-01
8.128342695730199630e-01
1.139995590104793344e+00
9.047435898652591568e-01
9.323447512495753875e-01
7.912065601987882113e-01
7.911067371648962121e-01
6.653944647297262982e-01
9.489995090109220044e-01
-1.383520105390626531e-01
-2.633024978464059140e-01
-2.657926713759240500e-01
-1.490370793028647223e-01
-1.141066029456454523e-01
-6.898669396424797484e-02
2.987018094700847476e-02
1.539203016197986107e-01
-3.723156279215218689e-02
-1.817613317661521399e-01
1.872192043037973486e-01
1.488062782584088084e-01
1.534673718422996380e-01
3.511879563433327189e-01
5.003793577827971850e-01
6.910011031322141895e-01
4.727447241341236617e-01
1.044053718331803937e+00
1.012032137954824718e+00
1.021285817369413484e+00
8.680064624095127357e-01
9.099113617179083180e-01
1.087779789534905062e+00
6.224790756769776889e-01
6.107813973104312399e-01
9.976001442184188051e-01
5.857359463640244845e-01
8.808296001181612489e-01
-9.114340795531145067e-01
-1.333132021782329923e+00
1.591907387102952376e-01
5.873762157945560114e-01
-1.095680086695932864e+00
5.052127078884707245e-01
2.898191728354785335e-01
3.971659512253186142e-01
-2.067200554350822284e+00
-2.252396445595711949e+00
-1.279493744111582121e+00
-9.892211740148689758e-01
-1.726561396020797501e+00
-1.384376611643082677e+00
-1.322628518067502590e+00
-1.659683361809041857e+00
-1.403614145235997368e+00
-1.528534670519178906e+00
-1.400127606334794494e+00
-2.182382415961427569e+00
-1.728345651047779263e+00
-6.785096364214240339e-01
-3.286823651355659237e-01
-1.088727756400227342e-01
1.012021555736408174e-01
7.127068704411103628e-01
3.949837867050552953e-01
7.470031985278769993e-01
7.474256908070044947e-01
9.031469439453619907e-01
9.227677897706745291e-01
3.747720133063778269e-01
9.653129959720420095e-01
1.097215210261224483e+00
7.463846051875824283e-01
8.774675322981787540e-01
1.030544965142131897e+00
4.473555082320631038e-01
8.465796744538454099e-01
5.307496747637812096e-01
1.025464504795057463e+00
1.019028355284821385e+00
-1.644417423178053395e-01
5.607530815660816126e-01
5.827533582444205384e-01
6.893376791520433589e-01
2.061992771837941607e-01
5.187195058478190068e-01
4.408290845403369795e-01
4.659114036970117834e-01
7.029635483156670972e-01
5.310297269638760698e-01
4.954742348568657584e-01
4.314230996726419187e-01
1.765851379495932683e-01
1.575835416451460205e-02
1.827954833818027924e-01
-9.946798536209620067e-01
8.894270692686065405e-02
-3.341889766288392849e-01
1.873021076550176458e-03
1.183650490500866709e-01
-1.565052229402184580e-01
-4.058954517854835853e-01
-9.469267279640669610e-02
-3.080132990323490305e-01
-1.419046250284315969e-01
-2.579095910989188112e-01
-4.210200327281540811e-01
-1.580129941983055009e+00
-1.027331381788136655e+00
-4.144572289162732903e-01
2.764824358590479703e-01
-9.169139489976262103e-02
3.046420246989436920e-01
2.947911204243015004e-01
3.142572933044232020e-01
4.440955647565313358e-01
4.520053586482311037e-01
5.197176507628054054e-01
7.138215196192999601e-01
-1.835719060744274989e-01
-2.220796701762078662e+00
-5.338565916721063065e-01
7.500337578225010904e-02
4.350051101160613831e-02
8.030612141114964464e-01
5.976091085068503395e-01
5.269279359940141211e-02
-4.760250571292169719e-02
-1.082388751351926359e+00
-1.748818444827610508e+00
-1.598935065343999096e+00
-1.367696210974925330e+00
-7.361719727653309731e-01
-6.946093402774566883e-01
-1.858794490616822448e-01
-8.781816079840504274e-02
6.352344155187401864e-02
3.070081196030419735e-01
3.671681132332556552e-01
-2.703908151304076357e-01
-1.271449667925842020e+00
-1.491589088038530519e+00
-1.384726908075301743e+00
-1.075075941707252403e+00
-3.198261966253351796e-01
-7.973829176504351191e-01
-1.876989032335835139e-01
3.329793524399061178e-01
6.367342879683642876e-01
2.087604436626000759e-01
4.116857871522408563e-01
-8.620284608951078731e-01
-1.834467090328087413e-01
2.225187853557153428e-01
4.752701042170239254e-01
-3.543859620174492076e-01
1.065205770507016564e-01
9.545408812470874971e-02
4.677442017694245502e-01
8.011973251088461145e-01
1.928605051070355625e-01
4.514288671842808104e-02
8.517386340293335856e-01
1.069672745213213760e+00
4.116394438099530984e-01
4.561879413923913829e-01
-1.702684599381138475e-01
3.073672177062693467e-01
-4.391487192550022622e-01
-1.289040064372413141e-01
-1.346187845523807991e-01
-4.555093724693117796e-01
-6.211623293847823302e-01
4.232142842672497601e-02
-3.010723000621741696e-01
-9.284511406016396906e-01
-1.085140159654095049e+00
-5.501781005966076554e-01
-9.304064208420087523e-01
-9.043970218646365522e-01
-1.011784129890014317e+00
-5.538514848077664698e-01
-1.003027772656597483e+00
-5.165599177409295750e-01
-1.057893740358083895e-01
-5.025855483442579624e-02
-9.960040940951712107e-01
-4.138767480923677966e-01
-6.240920361678309325e-01
1.504367702820137431e-01
5.371793586155072520e-01
-4.189847145141622348e-02
2.763337437223434834e-01
3.903538749916049544e-01
6.612532614335896453e-01
6.472053864307700799e-01
7.230748099738024681e-01
2.520823960784541740e-01
4.182845323749028177e-01
3.237865482639676329e-02
-7.082728149547043994e-01
-1.525137905911371661e+00
-2.030079285123129296e+00
-1.283791881431547210e+00
-1.973472887837041556e+00
-3.832327429974235478e-01
-2.574975646120835293e+00
-1.538887493935966244e+00
-6.065575520663601949e-01
-5.483914404087942840e-01
-1.521246076496157729e-01
2.555906708091392199e-01
2.044030812108290907e-01
4.937179378367819726e-01
4.459740297704558043e-01
4.025604155172231580e-01
1.159506944153413516e-01
-1.168205116163045926e-01
2.524521391974794970e-01
4.420869352145346265e-01
5.458449594304186636e-01
9.975704769572683039e-01
4.250137699810034586e-02
-1.635010729505837590e+00
-5.759649283137665554e-01
-2.383519071423089719e-01
-2.234943310666904104e+00
-1.041158791192313554e-01
-8.439646074440801393e-02
1.645458600195289500e-01
2.144386873920334780e-01
-2.035233362430779736e-01
-9.008577461827062260e-02
6.718863332595649551e-02
1.892737439761579821e-01
5.254122626097020854e-01
2.134797626163053297e-01
2.094903109811011299e-01
-2.106078992132240715e-02
5.304833980075683852e-01
6.968972597685690884e-01
3.774741967282309041e-01
5.960866551634914634e-01
7.559286536279087310e-01
4.476675257969242039e-01
4.524320584331408823e-01
3.515568846958597726e-01
3.079042286437018161e-01
-3.686873031042062904e-02
1.666301895147595247e-01
3.257501943475167860e-01
-6.256921357882498924e-01
-2.442350175929889067e-01
-1.693275183384653493e-01
-2.365214348009224976e-01
-9.489059213990724828e-02
7.771442208279020214e-01
8.157057883256186859e-01
-2.667032357092860573e-01
2.236139982681243921e-01
5.402068883470515503e-01
1.488733732191857839e-01
7.586806141479661703e-01
5.873114562837516983e-01
3.263214447895106396e-01
-9.998207777102968707e-02
8.883142754873238900e-01
1.254980781555858682e+00
3.679379880624479293e-01
3.810283105196068387e-01
8.299706110883611210e-01
5.848774767389816054e-01
6.756956780037861598e-01
5.659353374646767243e-01
8.288281076775967371e-01
6.390097080869072688e-01
5.243063656690475499e-02
-3.352792247440836149e-01
2.452666381606660451e-01
4.162921183164121075e-01
6.109640481651892330e-01
6.497879645506761115e-01
1.909328648796169425e-01
6.640629496478610561e-01
9.718158707129738172e-01
4.347808871841125633e-01
6.757156691652743685e-01
7.537436485241058026e-01
1.991533620942396166e-01
2.137447025631359632e-01
2.965959285502595688e-01
5.063431501569982673e-01
-9.184814933036786755e-01
-1.999004122954180923e-02
6.589216285866478229e-01
5.370362120916454263e-01
3.082137508676620619e-01
-8.257877229767590643e-02
-8.926577515118441219e-01
-3.399464087511633870e-01
1.540290746054446547e-01
5.750823950397232487e-01
-1.171424486574460661e-01
1.796394932604798156e-01
-1.995281671504846310e-02
-1.867920316064848041e-01
-1.615428028896292334e+00
-1.397744944146326551e+00
-6.406233975966971750e-01
-3.056235511933298454e-01
1.879673506624673640e-01
5.365083049026958539e-02
-4.090751983284373061e-01
-1.909676724825513927e-01
-1.741686320387814957e-01
-3.814986983555644917e-01
-1.647916348921928176e+00
-6.074878090600416281e-01
2.199537243158737332e-01
6.391448327763288306e-02
-1.011516558518512854e+00
-9.758262629929302934e-01
-1.058699124943620395e+00
-1.101742793716277813e+00
-5.341271602300966537e-01
-4.548689797291161074e-01
-1.342616709118817253e+00
-1.855880962820839697e+00
-1.880458780395169560e+00
-1.378324634714485075e+00
-9.225219757152796074e-01
-3.374020856312291428e-01
1.160548813791350692e-01
-2.049853176691583331e-02
-5.877094414514000276e-02
-7.810440290638787086e-01
-8.111749267349491754e-01
7.920845060823907685e-03
-6.491106721374576560e-01
-4.183695880541316581e-01
-1.308650224169042031e-01
7.563753695298323920e-02
4.305060656595676716e-01
2.705001287364227625e-01
-5.575901228374170460e-01
-2.028832805350009871e-01
2.816529388087839481e-01
5.377360885022675063e-01
3.519664824787663848e-01
3.424601670265756681e-01
7.992939154255666034e-01
5.670483259106502416e-01
5.556370663653107389e-01
2.500121581842204010e-01
5.482231738025633572e-01
6.549259556112390079e-01
1.804194071113964515e-01
-1.018832068999145690e+00
-1.692740403690701223e+00
-1.335587555330038700e+00
-1.266336655375622344e+00
-1.538825067611828246e+00
-1.116842327707822990e+00
-2.411767153053789303e-01
-8.424293004903963267e-01
-6.934096122126400807e-01
-6.802263959799241810e-01
-5.388958904264896654e-01
-1.911115402784838491e+00
-1.108221681647187706e+00
-4.837337245540021535e-01
-2.745988284694105275e-01
-2.844903911260871499e-01
-1.030126511294046532e+00
-1.162371100611663266e+00
-7.211379241481931102e-01
-1.128983540389383533e+00
-1.083469742747455111e+00
-8.522042305381178906e-01
-1.377040022739401515e+00
-2.209148558965730480e+00
-1.336239153356309606e+00
1.205380063449956740e-02
4.320731051557497038e-01
3.510089522867310130e-02
-2.428437024658366972e-01
2.478732834587017153e-01
-1.962063035428531776e-01
1.342475071209445758e-01
3.885183333996826693e-01
5.333628304546770282e-01
5.720323364738455485e-01
7.182398355587522598e-01
4.182413234463838725e-01
5.957952270313727761e-01
4.162045817320328411e-01
4.775494936032922411e-01
4.113700993866524769e-01
-2.870084523188758119e-02
-1.118956553398762876e+00
-9.833892938653864269e-01
-4.672133773301987425e-01
2.619282157594345420e-02
-2.950437811218044604e-01
-8.528936312031284439e-01
-7.178643513928689712e-01
2.497948753283042445e-01
-2.477126743006790033e-01
3.769260749490134788e-01
6.354965805057259942e-01
-3.759136042847801562e-01
4.990113483933320548e-01
5.488492469798817996e-01
9.565242885962464969e-01
1.143389110708858958e+00
8.987143552081839903e-01
6.861020674433853106e-01
5.925370911596058443e-01
5.831641831483294069e-01
3.486841600101128202e-01
-6.554155347079346217e-02
-1.398434614793934383e+00
-9.479108670592428787e-01
2.214194400348415415e-01
5.842663969869102969e-01
-1.633153941284628097e+00
-1.093124722904077473e+00
-4.926175592963446537e-01
-7.323777263354298850e-02
4.617066077154318715e-01
3.998688071863924498e-01
-1.748728050338267614e+00
-2.051494972953011864e+00
-4.384670895239155541e-01
-1.536251501243397044e+00
-1.198533632752369238e+00
-1.805204068742422896e+00
-2.545265699786076752e+00
-9.594639195431207135e-01
-6.137600524370672161e-01
-8.846108069163929333e-01
-3.099799706658072362e-01
3.649961405234155576e-01
3.567416288606363728e-01
-1.892486918524175638e-02
4.571693467355859020e-01
3.967798993482756775e-01
-1.291665017754390687e+00
-4.776203753575616329e-01
-1.614114461485333385e-01
-2.608088027048565682e-01
-3.988770500552490939e-01
-1.708777038129318138e+00
-2.373455541708902938e+00
-1.762177321329889024e+00
-9.825795766930501829e-01
-6.053383796298343889e-01
-3.908351177883248040e-01
-3.916884182710803075e-01
-1.821924292195634676e+00
-1.204053304474141273e+00
-2.665718166560478442e-01
-5.128988213958487336e-02
2.725309703540145234e-01
4.518175779806229975e-01
1.355241486369467285e-01
-1.252279162640542065e+00
-8.853184123029628205e-01
7.456924986264640287e-02
3.850337842624762530e-01
2.280353277688437486e-01
3.762566992687906287e-01
-1.912128448975896067e-01
1.726780015054314998e-01
2.304755473548878997e-01
1.155426353883417800e-01
1.216730352046014874e-01
-3.657587827544248049e-01
-8.667052618459961666e-01
-1.259420796057882708e+00
-2.136767074053917526e+00
-1.802692641703419696e+00
-8.153588874493697958e-01
-6.682304221550400269e-01
-1.443847326936501974e+00
-1.934883944584329329e+00
-1.061315858065913886e+00
-1.302544681080744171e+00
-1.655994580537745176e+00
-8.501814112921176614e-01
-1.116075251869709239e+00
-1.640757491929685008e+00
6.033284126387613439e-02
-8.573516010767888718e-01
-4.652077180029827175e-01
-2.651223035585775767e-01
-8.184217340207583513e-01
3.046718943562379822e-01
1.524008291215289516e-02
3.905132325153854445e-01
6.015289754803976319e-01
9.310076857011376772e-01
2.074002663979338523e-01
-6.317337283762209932e-01
-1.108779296578664697e+00
-2.776144329216759243e-01
1.268472254562880430e-01
3.266554003808465612e-01
1.557487795116480056e-01
-2.266186372216696387e-01
-6.574212371623238127e-01
-1.889005835126766897e+00
-1.144040314135295500e+00
-1.165445749407166609e+00
-1.154454959448694806e+00
-1.079555855352924976e+00
-1.281862561030035597e+00
-1.798796546708121502e+00
-2.183679310056598322e+00
-1.606980556327836096e+00
-8.081155493249986277e-01
-8.772732094381752166e-01
-1.781877780919370657e+00
-1.163361131410663996e+00
-2.084735337354959750e+00
-1.243740513591027330e+00
-1.601224996347691443e+00
-9.933978057372147008e-01
-9.791168521761749455e-01
-7.462718509010036749e-01
-1.149348703159221774e+00
-1.641519714359534809e+00
-4.674888962363912825e-01
3.503440497700630041e-02
4.231554249132654100e-01
4.866474764164711586e-01
2.751089146544972164e-01
3.319928549859757494e-01
3.988084568659490681e-01
3.437824442227815913e-01
3.553296317760027967e-01
-2.428239968230424539e-01
-1.984006540937667262e+00
-1.579483671876606543e+00
-8.534309243686891699e-01
-1.096767743991457378e+00
-6.772446970444570002e-01
-8.058414252623394836e-01
-5.687065303976109876e-01
-1.050836376583134113e+00
-1.175271703833004944e+00
-1.096803032065252204e+00
-1.472377098109121318e+00
-1.920372454449328137e+00
-1.836277073681112482e+00
-1.607872994741738504e+00
-5.754632967483743755e-01
-3.554620588191282349e-01
2.707324323238936015e-01
1.792100776945190765e-01
3.291995405076685310e-01
4.321793827108026398e-01
-8.147678892579744980e-01
-4.414641972432861196e-03
-3.263795518923400668e-02
4.481578114543805502e-01
4.794729903476878385e-02
4.440594280887968370e-01
-2.704618984328766365e-02
2.922981075680047280e-01
4.944237165940574830e-01
-2.440079196187318333e-02
2.788044274950770562e-01
2.864032297334535015e-01
5.215080729433039242e-01
-4.789931142794111030e-01
-2.486481639426749417e-03
3.245860453099511100e-01
4.510064815945615257e-01
6.063281075742087411e-01
4.727377670299429124e-01
1.748006183557369309e-01
1.078861076433510792e-02
-3.056023907846700527e-01
-1.034751658334616409e-01
1.658869438081261027e-01
-2.808715502608800652e-01
3.149012312391247237e-01
4.702478265433027160e-01
-4.307297236234993720e-01
-3.099014823163313559e-01
-1.664634845571009159e+00
-2.258000725914051376e-01
-5.379747877398048939e-01
1.442783413222361588e-01
1.380332579476698240e-01
9.713950917766982218e-02
-5.509482732538558691e-01
-7.361178260653293837e-01
-6.239453244973889312e-01
-3.794643361282777905e-01
-2.755741542203993255e-01
-9.758225302882905100e-03
1.878040270590027871e-01
5.781130955967332952e-01
4.328216674535487751e-01
3.919978543078777022e-01
4.327978951179823341e-01
2.238257603167977672e-01
3.699163172230587326e-01
1.792765635741947472e-01
2.110830167963547443e-01
4.164607775622322650e-01
5.417128662405864548e-01
3.295439201269022567e-01
-2.224858145349108973e-01
2.898673076563537676e-01
4.771370636469359217e-01
3.429857807508827072e-01
3.005436773923168547e-01
8.226359135113636700e-02
5.241609113786310781e-01
-1.600372492325981000e-01
2.825870814246265184e-01
3.722520366539115444e-01
2.470324934949909568e-01
-9.909595287877609460e-01
-6.802214450222417164e-02
-3.164129851875697175e-01
2.550837213716705687e-01
1.710027441597142539e-01
2.422934870063412072e-01
1.723601627617410981e-01
5.280699148785582275e-02
2.363693403955205163e-01
-1.256421397358652679e-03
-1.421837722991401154e-01
-3.009726958439403188e-01
-1.022838324320803460e+00
-1.262094287295203732e-01
5.739169396715769755e-01
4.635093682190139508e-01
-2.964467108701561160e-01
-4.080223729347783879e-01
-1.061171063007423587e+00
-6.860197869093639933e-02
4.801647568666884275e-02
1.266043658398517124e-01
-1.229800741124476710e-02
2.700069845170940397e-01
-6.244209672025359259e-01
-2.022998159962091425e+00
-1.371940154329268857e+00
-5.312739969990487587e-01
7.603459855296151870e-02
6.578784574306380251e-02
3.434909795286721357e-01
1.817513682463716973e-01
-1.977507124178393694e-01
-1.089532724661597951e-01
-1.614160137323217975e-02
1.931197981755273796e-01
1.808898082286220510e-01
-6.822789950741151577e-01
-1.027760908857174860e+00
-1.965793907273899188e-01
-2.293788472926612254e-01
2.283432665630201128e-02
1.195982796860623060e-01
-1.016069278667694059e-01
1.306824000652753726e-01
1.362559132983436616e-01
-2.323004399193595138e+00
-2.045504871406759406e+00
-1.567878165949232905e+00
-4.812143303981051279e-01
-2.352713343324598361e-01
-1.830852303233131972e-01
4.569348382197307434e-01
4.212167727046473020e-01
4.250706042347993652e-01
2.947374596521781243e-01
-2.354085081210750829e-01
-4.924180796047886166e-01
-2.761563889066503408e-01
-9.913463485266192921e-01
-1.676385106215427800e+00
-1.290158093725378485e+00
-1.196906871274397099e+00
-1.159014756577931404e+00
-9.760537251813122817e-01
-1.925878174985813152e+00
-1.317317056338390246e+00
-1.363609190450802755e+00
-2.349168601359754582e+00
-1.695003903743910190e+00
-4.713346891025105290e-01
-3.257995225517250348e-02
3.623018401480861961e-01
4.559927329501281545e-01
3.185528861195711103e-01
3.342677713683224194e-01
-7.427591068184410394e-01
-7.289064727971500401e-01
8.312945729384224602e-02
-5.869528297967922803e-02
-3.086119611884478586e-01
-1.385864812961749459e+00
-1.270395246832890290e+00
-6.132517682947789123e-02
2.836866533694293313e-01
6.019239593808093369e-01
5.660024942111289148e-01
3.293238799404014094e-01
4.743926130532827856e-01
5.977081988277191948e-01
9.942688330032644073e-01
7.057609753926475937e-01
3.020573516747780407e-01
5.309353299108843238e-01
6.242164811189081508e-01
6.406167342049368107e-01
2.184482818210594854e-02
4.448520187311414409e-01
5.151551993128182794e-01
4.183588559757886460e-01
3.885755772756943616e-01
4.367884623916888920e-01
3.051054650461164641e-01
4.948641491661071035e-01
5.669879755779603236e-01
4.662762924100658513e-01
6.635026391686700276e-01
7.884853392550954243e-02
3.943358927278857728e-01
4.271983874816949189e-01
1.664339203841014858e-01
3.353438103422397565e-01
5.145190354309973069e-01
5.816980254504098280e-01
1.730788373656627910e-01
-3.421055259682394545e-01
-1.477174250871939043e-01
-4.321636718305360558e-01
-1.292851595852562596e+00
-1.917561240277650292e+00
-1.464011908493432879e+00
-1.016802295670379719e+00
-1.232183016220939731e+00
-2.121618243228084122e+00
-1.201295951075050050e+00
-1.283863385091436361e-02
-1.106831243795806941e-01
2.193054043694581123e-01
4.300048329585315909e-01
3.143258668635622310e-01
4.056723227472032178e-01
-1.059921344124805209e+00
-6.357491494871282400e-01
-2.510576607111403846e-01
1.532876088129397907e-02
-2.010890503988427367e-03
1.671413267268416769e-01
-2.624138314681554451e-01
1.101658010409315713e-01
2.357394468161727319e-01
-8.914912005246284910e-01
-1.614685846843390893e+00
-7.406442597264196737e-01
4.158927413701458686e-01
1.861864642394875369e-01
2.910890572820247768e-01
5.389681205365605132e-01
8.208145434790214967e-01
9.678902291770563604e-02
-1.228272428573153441e+00
-7.817025563300016300e-01
-1.811051089749379783e-01
-8.881794339329144305e-01
-2.770591848990006656e-01
2.456920501279899471e-01
-5.859970360748248050e-03
3.400364741419138470e-01
3.187002051205488629e-01
4.492489983560906119e-01
4.128598665037246929e-01
4.692552783259405502e-01
5.507273979214127868e-01
8.934786038937844732e-02
5.230939066165866125e-01
5.275868380708811922e-02
2.293226406138308970e-01
4.190569543544815645e-02
3.445903332430209076e-01
2.794850530951899503e-01
-1.420459320036527640e+00
-2.093282276891801352e+00
-2.044491953396518902e+00
-9.073932755861232602e-01
-1.169619396390925603e+00
1.415743755871508823e-02
-3.710560318122223533e-01
3.008398960443532388e-01
-4.657418888846456828e-02
1.879052818787478873e-01
-6.368856242818395075e-02
1.102653427162112593e-01
1.334196709845028306e-01
1.924221355147046342e-01
-8.858897188845952231e-01
-8.972437160806498446e-02
-9.535723419779645882e-02
-7.000822813397961086e-01
-1.865951430847612391e+00
-1.006831059265169692e+00
-3.105344889096890437e-01
-5.197316022885349884e-01
-3.545517141245861370e-01
-1.548562604192269099e+00
-1.694120371218914123e+00
-1.355083049571038423e+00
-1.726455143420690674e-01
-3.031358752282706237e-01
-1.064690329678715935e-01
-2.181953652300275270e-01
-2.598681314926288288e-01
-2.198373805989581320e-02
3.378572415264328999e-02
3.009860936789996999e-01
4.432053344583712362e-01
-1.276669642059667931e+00
-4.910305375679237527e-01
1.307499194661523867e-01
1.293312576420382332e-01
3.424624828589968306e-01
-1.423535286299346947e-01
-3.436206629282682057e-01
-5.842611059533491247e-01
-4.837685480667869853e-01
-6.002443187890702525e-01
-3.508733420041958984e-01
-2.740517618541815636e-01
-4.864239061944864995e-01
-2.507461699254071030e-01
-6.470830478900432836e-02
3.867843037656983896e-01
7.085996103590953554e-01
6.177364169074367473e-01
6.075834881766773998e-01
5.189187050052642691e-01
6.655483973421137955e-01
6.776044148819364565e-01
2.762465963234549959e-01
1.620101309462103345e-01
-9.360351804177116652e-02
-5.880031203790487826e-01
1.470489676282893676e-01
4.690858847544039645e-02
3.282357460771962443e-01
5.528339378804810744e-01
3.573994989714844306e-01
-1.048845597748303993e+00
-1.189498391692580759e+00
-1.277637269915584128e-01
-1.417166233001302844e+00
-1.211068290743680054e+00
-4.502102079670564638e-01
-5.818113433202579676e-01
-7.498312156747624080e-01
-2.325456786619777352e-02
2.324313202532029068e-02
2.138889962253805871e-03
-6.446891323063179691e-01
-7.331876371658974101e-01
-3.407599280383618034e-01
-1.062998179437832924e+00
-1.943780143250099179e+00
-1.523433872231410469e+00
-9.287578338963339841e-02
4.156561700962105310e-01
2.815651379850114822e-01
2.245145384377351117e-01
4.422264668859177128e-01
5.197106945116052312e-01
5.165348072696608339e-01
-1.502234986550785023e-01
-1.083291369556897088e+00
-3.957685830905728341e-01
3.434460994923411725e-01
2.464480147321392312e-01
2.624422456302149403e-02
-6.719154301748632152e-01
-2.759381662013365433e-01
-2.667988118201244374e-01
1.978092307763637536e-01
3.404157079470865876e-01
2.425447176036420738e-01
4.831581208009897987e-01
4.810448595359716473e-01
3.243298139546493264e-01
-8.284833868189224459e-02
-2.731720681279924401e-01
-4.217460819590261867e-01
-3.325980156853732272e-01
2.118152594805784716e-01
7.847199333572003888e-02
2.868280750816204483e-01
1.406220192010447234e-01
4.639132178452272104e-01
4.231618386078128680e-01
7.148821976977570714e-01
7.169912057336782496e-01
5.966066332714790033e-01
7.441905395928414269e-01
-5.034358586937501823e-01
4.589333808675464810e-01
4.952834640945515399e-01
4.681980730679482505e-01
2.068438679996508767e-01
1.821238174453545522e-01
4.976586233474067922e-01
2.009184155664006377e-01
-6.819745885595261507e-03
-1.087398995042867939e-01
3.251954190562537095e-01
-1.497233099431444669e+00
-1.000164314379962338e+00
-4.996671250843327111e-02
-2.804148911711582537e-01
2.136248597165224528e-01
4.313119331179754989e-01
4.753650518959857130e-01
-5.481266991209379214e-01
-1.985425628138750342e+00
-7.989363095623160937e-01
-1.254545496980588259e+00
-1.344786803731631064e+00
-4.705181576998749837e-01
4.484986863472804064e-01
6.574457395871726728e-01
4.042097743118885367e-01
3.499330385598654614e-01
-3.542803758907638323e-01
2.749265618643658912e-02
2.492102865372355369e-01
4.065456815827860337e-01
4.166022758581142127e-01
6.381004224444745132e-01
6.612648684675634936e-01
4.443890985563777041e-01
2.333871009490855186e-02
2.198653694114446333e-01
-1.046224955617161001e+00
1.890366104609939313e-01
4.216165220804024560e-01
1.645872590531148594e-01
-7.062669862700909906e-01
3.089106688616686247e-01
4.634839822398046372e-01
2.966550138278994386e-01
-3.798640035186592323e-01
-5.286860712222365422e-01
4.803709268187755232e-01
9.314573080277965822e-01
-3.607672296019940328e-01
-4.270734921661086814e-01
2.563059338660425568e-01
6.204274541125431863e-01
5.605823496424774399e-01
6.358784788854550118e-01
-8.318563587218475996e-01
-3.243921876001640836e-01
-7.979289356362049765e-03
1.547144129613463835e-02
-1.241139467041098232e+00
-2.692765556466764632e-01
-2.541526923789150794e-01
3.535497860153098415e-01
5.591503628541864834e-02
-7.507329470070072119e-01
-5.438495002519042609e-01
-4.638984080192494752e-01
3.167780841131339065e-01
7.896937294837703680e-01
5.480159353073472683e-01
5.836369046902885049e-01
1.127287454751669804e+00
-6.233991934368312560e-01
2.277380985812826053e-01
-8.572630949690207558e-01
1.961449546071688255e-01
-2.384844921721283040e-01
8.131168130941881511e-01
7.264719062446733933e-01
-3.612810222516070202e-01
2.178734481990197702e-01
3.648230000040994514e-01
2.171361941713662314e-01
5.455802283259373331e-01
4.401232250375807648e-02
8.400391997855960469e-01
1.030722955194009804e+00
-2.360881773011596907e-01
-2.411295658850661772e-01
-7.738542962542082071e-01
-1.006117863603557483e+00
-7.613730566658516441e-01
-8.018843201067387128e-01
-3.250847504325563020e-01
1.441181140158685203e-01
2.043836400960058752e-01
4.426570172192482722e-01
2.855836540223485528e-02
-2.227883958954007815e-01
3.897262544983431942e-01
4.171004079658682251e-01
-1.111342186701648055e-01
5.081921715044196430e-01
-1.398450123908728249e-01
6.359594798199882382e-01
2.397347702817884396e-01
6.403458831836036369e-01
-4.009624892832459042e-01
-4.086148359574786615e-01
1.514040716736239911e-01
2.103198861203101153e-03
2.779845400079486994e-01
-1.689532811930940237e-01
-1.742291964790071146e-01
2.422067134518914640e-03
3.533447900956722676e-01
3.054494111990433414e-01
6.752504153329285108e-01
4.477599314964323951e-01
1.716836317453780680e-01
4.480712360680174089e-01
6.708734876199313746e-01
1.045749442755086189e+00
6.248257559594293520e-01
6.940430652859331806e-01
-1.113922664241386862e+00
3.048670010934027841e-02
-7.123578378337815931e-01
-1.842437200712009060e-01
4.118278750243435926e-01
4.244380927393753833e-01
1.968214256443431495e-02
-6.492517936102175646e-01
-9.388876537858095173e-01
-8.604064360567881264e-01
8.436318630882129466e-02
2.081413307261657450e-02
1.609844588288922018e-01
2.226663402613048015e-01
-3.700776086543006854e-02
-1.873045883050473148e-01
-6.411416340911529552e-03
1.462194618193073947e-01
-5.163126055906021306e-02
3.413359536519838811e-01
4.121226326789924066e-01
1.078929760858421405e+00
1.140250226687677504e+00
1.001877899977961839e+00
1.019232584522825835e+00
-4.023863186554432203e-01
-4.140651465964085842e-01
-1.015226089089041606e-01
-1.528041519810630598e-02
-2.389407229620550965e-01
4.093718740040510617e-01
7.125170728175618251e-01
1.081892910385471973e+00
1.143597567118818326e+00
1.065647770441767950e+00
9.922710398077666527e-01
5.857831089096128263e-01
9.177495274184948038e-01
5.968317862455705392e-01
6.576815323073588182e-01
4.854568262177567095e-01
6.494940186108263402e-01
1.571630051794155880e-01
4.096962618138889622e-01
5.805558766053656727e-01
-3.956039397343639186e-01
1.565764537449564064e-01
3.762201430502671445e-02
-4.266501395428254906e-01
-4.028933562785294020e-01
-1.393954808781938393e-01
-3.342695075217579255e-03
-6.689822179500151123e-01
-9.356146208566257227e-02
3.128897317465079708e-01
4.172183139685129993e-01
2.120074380329411146e-01
1.354607366436129112e-01
6.420731177198290597e-03
9.023941085286239783e-02
-6.282660481936187813e-02
-6.573195836796003055e-01
-1.077545981869949543e+00
-8.985933739936680098e-01
-9.528970800897504922e-01
-4.501122396106803647e-01
-5.260269453819962360e-01
-3.331120190396201775e-01
-2.181046455578602716e-01
-2.435364661338190739e-01
2.308429215859733249e-02
1.576449176388529383e-01
1.269183170622591172e-01
3.207205270696168453e-01
3.083534003213497243e-01
1.398174306752468510e-01
2.414612935649165792e-02
-1.935382597186104114e-01
5.569605548019937631e-03
-4.097315226257378651e-01
4.006132847144576736e-01
4.752377317678057045e-01
5.697978439638755610e-01
6.162602900671931838e-01
5.269981231970762847e-01
4.320657733889988195e-01
5.625520360921264507e-01
4.537969928634044137e-01
6.194479510555347401e-01
6.125795422966954229e-01
3.673037309616413171e-01
4.490971970774301769e-01
3.093575999033392199e-01
3.132460071113805089e-01
-7.074314753896332464e-02
-4.989656452160385822e-03
2.487931290964961739e-01
-4.288400624778886810e-02
1.838049272819901603e-01
1.312114581754257603e-01
-7.509459877582125298e-01
-6.742901044264141275e-01
-1.033563143454634625e+00
-1.334911183107672983e+00
-1.390149988907456891e+00
-1.822762463793825560e+00
-1.674057346710506877e+00
-5.398327081248395221e-01
2.038269455602394753e-01
2.249349095508250407e-01
4.787923011112817928e-01
3.715271660362091666e-01
2.465274621105035535e-01
7.097438411387656521e-01
6.723055331286504899e-01
4.981008810728708158e-01
3.004375090122090586e-01
5.247789731771159705e-01
1.924378312987547190e-01
4.760278402173956369e-01
3.480696127249532923e-02
2.392523456197198362e-01
6.410134601846493307e-01
5.004316775637027703e-01
1.992794146983364878e-01
-2.663269358193625647e-01
-1.232608603659689911e-01
1.374730938428186076e-02
5.343226196206898315e-01
4.670740417103843023e-01
5.140006976681467110e-01
5.292797276239045168e-01
4.538232117432584589e-01
3.561216404200011620e-01
6.320740126276008786e-01
4.755370545985790898e-01
1.465866761828377440e-01
-1.267775468627681423e+00
-1.562135562747868356e+00
-1.099002934587615332e+00
-1.678555029882351501e+00
-1.313984526002188735e+00
-1.347473051509271214e+00
-8.937472531846332169e-01
-1.642839437322117346e+00
-1.287493054065059761e+00
-1.148821120373589633e+00
-1.168220527727870328e+00
-1.756712323480719151e+00
-1.588871666590246701e+00
-1.367846330664523435e+00
-1.752243773947644412e+00
-1.663102488632938192e+00
-1.563549468625726968e+00
-1.921562980472944382e+00
-2.115427264448821454e+00
-2.117541427386131492e+00
-1.927228386899894508e+00
-1.508678933766989694e+00
-1.619365905965611807e+00
-1.335176051136672815e+00
-1.305416003125506430e+00
-1.536377294676264382e+00
-1.210659370064565588e+00
-1.823015735005616200e+00
-1.451206486043771893e+00
-1.517272210169189783e+00
-1.628596823657918247e+00
-1.547546582835428008e+00
-1.620174169436244149e+00
-1.311948676583903017e+00
-1.442904419372872393e+00
-1.377828078631922581e+00
-1.348517608497492359e+00
-1.296868525777487902e+00
-1.410167953992168766e+00
-1.147852899137490112e+00
-7.976139572572684688e-01
-8.673533243717584940e-01
-1.206166434738150217e+00
-1.129783181731430330e+00
-1.325286297240323652e+00
-1.270315489448192281e+00
-1.007715423590091142e+00
-9.120410380276560147e-01
-7.886090399440746079e-01
-8.559402106883801098e-01
-8.389744454212633151e-01
-1.148245992876257837e+00
-1.015332596261971254e+00
-1.026804287974770968e+00
-1.439334813515064537e+00
-1.534960379547458453e+00
-1.219468115697851296e+00
-1.220904196144086962e+00
-9.051305272302574423e-01
-8.992029157825002228e-01
-1.083883557318779944e+00
-9.862232925813801954e-01
-1.264982535839917821e+00
-9.389432455288726498e-01
-9.075076422927395026e-01
-8.488003821224128220e-01
-1.556622985382720481e+00
-1.383894694015330717e+00
-1.022580109943602933e+00
-1.007973032650916867e+00
-1.052879616120696360e+00
-1.274052548943354068e+00
-1.745362710441289877e+00
-1.576716546921027806e+00
-1.429075228877935588e+00
-1.251491254050176360e+00
-9.327782125579124894e-01
-8.724190764820437538e-01
-1.108430852291800717e+00
-1.157667449493235079e+00
-1.261357988046669876e+00
-9.250534270068017095e-01
-9.631903052312609237e-01
-1.254098476017304398e+00
-1.354984904475682983e+00
-1.239170242758085960e+00
-1.484067358826258509e+00
-9.372222284713204177e-01
-9.278874143798597762e-01
-1.065916990946369491e+00
-1.375777409313460486e+00
-1.369354754453051992e+00
-1.585406224672566644e+00
-1.180498086431992277e+00
-1.660496205677797876e+00
-1.095749461341646525e+00
-1.158574667306371708e+00
-9.855224530216429857e-01
-1.380607263026188969e+00
-1.105595311113146462e+00
-9.978730562205587740e-01
-1.023104044284733671e+00
-1.191411550186352253e+00
-1.258623795509991483e+00
-1.518835385270173699e+00
-1.673432541572902554e+00
-2.016841395993036024e+00
-1.396428297229719506e+00
-1.302362424962137721e+00
-1.164517531859556421e+00
-1.226320737147677642e+00
-1.091537729721904215e+00
-1.284832593862031747e+00
-1.831023787503757827e+00
-1.912761453037117310e+00
-2.180011577463790040e+00
-1.346127406901264090e+00
-1.342288268652864769e+00
-1.597841564205280784e+00
-1.301800584283467010e+00
-1.143666724966837744e+00
-1.482338309695539369e+00
-1.333182728840538012e+00
-1.309676638830630901e+00
-1.319558584980498273e+00
-1.615215152979308399e+00
-1.564798317772672753e+00
-1.044082241249013165e+00
-1.643577042185760728e+00
-1.720898305804744677e+00
-1.661582648561277464e+00
-1.876290637602210820e+00
-1.502613133964492365e+00
-1.431060372708610196e+00
-1.546261472379975910e+00
-1.821424933438994476e+00
-1.684299103745267479e+00
-1.760539218029955277e+00
-1.804929530486543365e+00
-1.441442799540635145e+00
-1.171873944629366227e+00
-1.180190546597596812e+00
-1.133751320199189117e+00
-1.273080505824135233e+00
-1.093494576883100144e+00
-1.132079183092544072e+00
-1.316569797827052080e+00
-1.085901536598271822e+00
-1.077859624966468921e+00
-1.221105410440896044e+00
-1.357703031027375884e+00
-1.611012682156637732e+00
-1.500289709311939612e+00
-1.217823686957117957e+00
-1.342695443795189680e+00
-1.445043630717900429e+00
-1.352447172422953869e+00
-1.643049250713305431e+00
-1.731269413668044654e+00
-1.389714413141920124e+00
-1.327913098413992632e+00
-1.131507337990859119e+00
-1.555105492997652439e+00
-1.442240992809163291e+00
-1.304234150393390301e+00
-1.113095652064598040e+00
-1.277551143708324455e+00
-8.738679614911512017e-01
-1.624373041844870302e+00
-1.343825196791911480e+00
-1.068446889490329843e+00
-9.664785089107010840e-01
-6.882396877918324218e-01
-1.189242255610192922e+00
-1.153267426145359043e+00
-1.283697190619123241e+00
-1.157713846920158218e+00
-1.601192832476078021e+00
-1.812740654269542562e+00
-1.640022688338506507e+00
-1.570733960184770073e+00
-1.737805125745146784e+00
-1.793647068636571307e+00
-1.675847623036119449e+00
-1.748991813374574544e+00
-1.868775838635226449e+00
-1.658970415535822029e+00
-1.330277822508594054e+00
-1.199507397004117681e+00
-1.633571829303293255e+00
-1.647752364792606450e+00
-1.281694761295142593e+00
-1.616918642033892350e+00
-1.560427020900066575e+00
-1.285105936259586690e+00
-1.255305904494342428e+00
-1.293451940154534796e+00
-1.151937598042993560e+00
-1.614715462923462796e+00
-9.459815569134359947e-01
-1.203407368428258462e+00
-1.116831427417777967e+00
-1.421733880847292575e+00
-1.339820917496705954e+00
-1.678136768433924786e+00
-1.331313310631115909e+00
-1.300231574431382819e+00
-1.493629869500752383e+00
-1.323060221912531809e+00
-1.111878283457467864e+00
-1.515410410585330991e+00
-1.665709764858759545e+00
-1.574485972146918433e+00
-1.786654354271008271e+00
-1.342696270125394609e+00
-1.737828913859893687e+00
-1.409453559505700726e+00
-9.678163396679710928e-01
-1.613450809046408363e+00
-1.167652016922208214e+00
-1.589892244228056084e+00
-1.270103342864173923e+00
-1.292575523072459820e+00
-7.791036141077718469e-01
-1.250288411035709979e+00
-1.335977750860303237e+00
-1.361682234051253104e+00
-1.421814812081820145e+00
-1.559014654215533868e+00
-1.572459992432751363e+00
-1.625918890155679586e+00
-1.464075054046765745e+00
-1.380686441463731651e+00
-1.487380213095178982e+00
-1.597541160007136307e+00
-1.225842941515576046e+00
-1.750371691078975944e+00
-1.637512011533908352e+00
-1.731602619292333944e+00
-1.203631461691415439e+00
-1.574330733431577478e+00
-1.643113804605696782e+00
-1.618067566005893410e+00
-1.585676361887339070e+00
-1.500909060730726496e+00
-1.678617776889007374e+00
-1.506070848689245345e+00
-1.488787461214487129e+00
-1.660587101544087618e+00
-1.383179764253307686e+00
-1.645931475348670681e+00
-1.730325741239790993e+00
-1.579977124113504772e+00
-1.535544929775954692e+00
-1.131433030698590692e+00
-1.526727236730184734e+00
-1.684666573169878667e+00
-1.178959877126876998e+00
-1.639078726428620625e+00
-1.628022121729987726e+00
-1.720540811418855398e+00
-1.211852729354976121e+00
-1.741749990318695929e+00
-1.584350966689185514e+00
-1.809167075095269528e+00
-1.857109966251073496e+00
-1.776528640637178080e+00
-1.617963371322220567e+00
-1.102310792171256049e+00
-1.243096915595052199e+00
-1.294413864024852145e+00
-1.577968216243483823e+00
-1.228203577940735869e+00
-9.449285067881025846e-01
-7.881916920219281808e-01
-9.065335702963558395e-01
-7.553669785202334896e-01
-9.978858370626930707e-01
-1.336309188511169532e+00
-8.895442942860194435e-01
-1.606596349638588661e+00
-1.608355644711525478e+00
-1.287922199329134099e+00
-1.301146073906291667e+00
-1.476932120909149715e+00
-1.535868203573234725e+00
-1.343237170829665095e+00
-1.152169954634693960e+00
-1.195937439505071032e+00
-1.562322528444590741e+00
-1.655916304899957447e+00
-1.333501927429632250e+00
-9.871572784794978572e-01
-1.337270826080575459e+00
-9.121914794897300061e-01
-1.758417690363702546e+00
-1.863111293038321126e+00
-2.240292256254605263e+00
-2.270472625018780999e+00
-1.558726665593546112e+00
-1.545482340107557695e+00
-1.138375990593201825e+00
-1.135673825049872576e+00
-8.409482441955483667e-01
-8.035018115440863973e-01
-7.692151728730061144e-01
-4.861910771530494890e-01
-3.533476967293644466e-01
-4.619419169605854525e-01
-3.289800808214863870e-01
-3.572961192972509137e-01
-4.925730865191783048e-01
-1.101161968551580550e+00
-1.307117534765772859e+00
-1.461333952525920798e+00
-1.811586158458469598e+00
-1.505452893284033422e+00
-1.180753458153501967e+00
-8.898258615289672546e-01
-1.579199560916132894e+00
-1.221565396054702379e+00
-8.124367164946717512e-01
-3.197771390366028754e-01
-1.615459084523585276e-01
1.061928146236164050e-01
-3.563847937225379514e-01
-2.544939770226104514e-01
-6.546753861265105501e-01
-6.584002018068372264e-01
-2.312784674299798726e-01
3.819318839793617859e-01
1.495089485347821934e-01
2.318765829271825785e-01
-3.472577866709470468e-02
-5.002254593487082124e-01
3.160358601438891801e-01
4.140093979808852631e-01
8.110345900494581040e-01
9.729472425300235150e-01
8.745830416807877095e-01
6.524853818690299345e-01
9.168698744982459736e-01
9.707845039560277778e-01
9.748296267805038884e-01
1.218375530604495660e+00
1.219595260262447134e+00
7.780108890775190300e-01
1.217062479753604043e+00
1.182585148960278554e+00
1.117242891541486038e+00
1.117760367763243723e+00
1.348334738550217349e+00
1.383057860045205700e+00
1.246537126064998668e+00
1.551836972028065587e+00
1.556453704499771495e+00
1.123106433691431150e+00
1.432842174735583063e+00
1.310965796517999049e+00
9.992180958188118245e-01
1.095007568958452637e+00
1.101091689536186413e+00
1.274758094598839930e+00
1.097176924695679956e+00
1.430868500965166934e+00
1.193036620031784789e+00
1.441258149319383008e+00
1.081478617327041869e+00
7.400239369930778910e-01
1.090629936629575469e-01
-1.435258607035942324e+00
-1.849144744838211896e+00
-1.196032337887489971e+00
-1.495012154289767414e+00
-1.249826731555756743e+00
-4.353679761187578268e-01
1.189416641309420757e-02
-5.130721772003921793e-02
1.487204712278044072e-01
3.267938976618481872e-01
4.309476980001263335e-01
6.729158667278939410e-01
-1.683993700152329742e-01
1.767204662981922136e-01
-2.660548298043465265e-01
1.031633901632121181e-01
4.680457168245193977e-01
-5.066415196189502090e-01
-1.105954345985153742e+00
-2.926768178123152486e-01
6.763064789246656661e-01
7.746066357324031815e-01
1.831697139130859797e-01
5.395775443598651577e-01
3.680766470450427263e-01
8.897738080686969919e-01
1.030150512441414312e+00
1.161162840083669989e+00
1.281325982277100151e+00
5.699777078343442049e-01
1.035980599820430781e+00
1.271339898982610572e+00
1.117442053646895639e+00
7.216228253164590489e-01
5.597561106235333650e-01
6.732568480486218476e-01
7.493731755893542346e-01
8.117975993251971278e-01
8.022000504498744133e-01
8.432002962914753041e-01
8.710386862140510056e-01
9.936097752990883381e-01
1.079159488877039719e+00
1.052916457985122456e+00
7.693048258458585753e-01
7.393236348879560493e-01
7.529850278392937746e-01
-1.080100127341591776e+00
-1.027200709636123976e+00
-5.031371681949979857e-01
-2.067438882666953193e-01
-4.303101614199087988e-01
-9.961248988552376393e-02
2.296378818264670496e-01
8.123362585019476556e-02
1.111750735822743641e+00
5.964688858887836620e-01
1.082142179830625661e+00
1.387214362513883747e+00
1.375408021863028463e+00
5.015967222102968304e-01
3.041116934137097494e-01
2.398793604821127801e-01
-5.286260976173233761e-01
-8.897709425795321536e-01
-2.404614590338445712e+00
-2.217698124089487077e+00
-8.352988727180367112e-01
-1.808321953089883305e+00
-1.663572379413069680e+00
-9.286176852115490821e-01
-4.759256783992340534e-01
-1.150194805618771632e+00
-2.158663358160623158e+00
-1.521283067649296994e+00
-6.925812473561714366e-01
-4.243083348342552852e-01
1.100600653076969637e-01
2.719685205025600128e-02
-9.665125510358077432e-02
-4.992253276078312263e-01
-6.163138982700787638e-01
-1.871647447251262586e-01
5.480359441862110437e-01
6.651114538792171071e-01
7.191769381604956601e-01
7.611651030499440029e-01
7.712884829753827720e-01
7.555990865050253857e-01
7.705106524629887765e-01
3.393446005353689676e-01
5.515939275446031242e-01
-1.787184797620730570e-01
3.157703127365373841e-01
4.602123617415749268e-01
2.377591291512481941e-01
6.428650943391404082e-01
6.527252275080934751e-01
7.770024432108878498e-01
1.701728854458595119e-01
8.292010802517513213e-01
6.482992780538961997e-01
5.362335322235379786e-01
3.584584907291681888e-01
3.304978709117035174e-01
-6.235351196588561490e-02
2.504171209226062067e-01
-1.651399625034402976e-02
-1.463611248926172781e+00
-1.106982734089879017e+00
-1.390231626511888363e+00
-2.094685358391134677e+00
-1.302848125686372427e+00
-1.018101725897533782e+00
-6.142859198261763076e-01
-2.022437810655845603e+00
-9.387519437945519574e-01
-9.915196982887936050e-01
-1.552084189719946439e+00
-6.020913663366207480e-01
-2.602708087095252365e-01
-4.700056263261516154e-01
-5.919338400683554768e-01
-8.258190036817406599e-01
-7.797805758608916671e-01
-5.089318116291825789e-02
-6.982982903141883302e-01
-9.115023190355384664e-01
-1.322842725010453080e+00
-1.379545281229257903e+00
-1.260552092896923826e+00
-7.552018923779709736e-01
-1.786589545498404208e+00
-1.034259498947956324e+00
-1.395808816849582135e+00
-1.398891986600176329e+00
-1.578339051539779103e-01
8.979282420703104117e-01
8.928921817829833518e-01
1.095212049482763517e+00
8.719496388356923200e-01
8.448705949871997412e-01
-3.967099791316154311e-01
-8.950431540271125419e-01
-6.278758117380539572e-01
1.507963575859430638e-01
7.978519093062621526e-01
7.291427984217246916e-01
-1.446470168177026894e+00
-5.398974374980727159e-02
1.509113842287978791e-01
3.481751257062686844e-01
1.049646855284250835e+00
9.567469182803901573e-01
1.107859441035211168e+00
9.505649085316583147e-01
7.985027739880679043e-01
7.419169221798765923e-01
5.137258851009836036e-01
7.905723300786620111e-01
6.266582274321848001e-01
6.255134825174172297e-01
-5.912413712232930108e-01
-3.673233795650646671e-01
1.503261553053005612e-03
5.904456651746808893e-01
3.443068951078239737e-01
-5.055884582018999041e-01
-1.666886664883939106e+00
-1.321070907159149099e+00
-1.326435521973737597e+00
-8.114016414036082647e-01
-9.858718106562010253e-02
2.278613158731141730e-01
-6.193943085632278578e-01
-2.041136280091805921e-01
-3.592844578734705197e-01
-2.937653870641681042e-01
-9.241485742022684802e-01
9.165491185729586487e-02
4.613554664163735941e-01
2.893653603466465052e-01
3.750963817703157899e-01
6.252603443763673496e-01
7.198905865708682406e-01
5.990445243115889440e-01
3.162298876452498408e-01
-9.463443609466940520e-01
-3.764964329207927118e-01
-1.192908558125208351e+00
-1.495158210809057975e+00
-1.665397088159252581e+00
-9.068185067279849187e-01
-1.497269098827194167e+00
-2.206817979833822496e-01
7.202246566015835239e-01
8.021499120517961989e-01
9.272628619068955524e-01
6.594414902195943062e-01
6.517662194470591475e-01
-3.359554978467357844e-01
6.027944753767199293e-01
6.901191039270458960e-01
3.850813471101283136e-01
-1.071486368411521006e+00
-6.680049626546543662e-01
-1.898894435193463348e-01
-4.191918393414224009e-01
-1.863954971934191462e+00
-5.992413144923983692e-01
-9.685771074526670077e-01
-4.210193403243203680e-01
3.647177107017940401e-01
1.076992401879741434e+00
9.454100858623570858e-01
4.420061769853655953e-01
-7.930672414184127827e-01
-4.023493356628052853e-01
4.249140127331629269e-01
1.360211097422846516e-01
-1.668966770232229724e+00
-1.938314759033223644e-01
-3.286773320651548147e-01
-7.828604708186801542e-01
1.061858214017330840e-02
8.842095191782141372e-02
-7.917378409055633171e-01
-1.683185193111197187e+00
-2.236855134962905556e+00
-1.523138603968515747e+00
-8.739377549123534816e-01
-8.121562371572818018e-01
-7.722235085748739847e-01
-4.958893427077062377e-01
-4.397099274524451928e-01
-4.032866765695317657e-01
-4.021792529471602262e-01
-2.304802336587694622e-01
-6.986479953173876378e-01
2.903175700115184082e-02
-2.089096727913049567e-01
2.555290383403505672e-01
1.361011732626614956e-01
-1.278326440214747894e-01
-3.937880661291886519e-01
-4.373735324935849045e-01
-5.117196070243053008e-01
-1.241676018209391330e+00
-4.754186948306921567e-01
-5.371585633845636920e-01
-6.666474195651268531e-01
-2.938687423906776175e-01
-5.007510934510366329e-01
-8.356987469883574438e-01
-3.154237379771399064e-01
4.511430043592163375e-01
8.374575156411417920e-01
8.688672410194107076e-01
5.371777807434179319e-01
5.346109079631794492e-01
-2.023191976301487172e-01
-3.576344451929520663e-01
-2.428170864105484161e-01
-6.334704979956942150e-01
-6.890773057022457904e-01
-1.005082952201340057e-01
1.907001007465171372e-01
6.614092067248326934e-02
-4.820043198307012999e-01
-4.229762650537768343e-01
-1.406407954858288845e+00
-1.892357637124328695e+00
-1.719974520178350730e+00
-1.697560715614212290e+00
-1.831105041379414766e+00
