2.892712473763650594e-01
1.934242561420228823e-01
-1.160080251206278001e-01
1.528843229517565794e-01
3.367189369841454005e-01
2.067496619825331394e-01
-1.238458200888499089e-01
6.376889191848301996e-02
-7.104903701752701695e-02
2.447605338014417764e-01
-5.568910582499234652e-01
-5.827610108867848915e-01
-4.557700132258946102e-01
7.299074596254445657e-02
-2.515943559208235758e-01
1.294936349579558776e-01
3.038233587927577917e-01
4.399639343626740584e-01
3.617383446090602916e-01
5.543231532483036128e-01
6.054158087945529232e-01
4.651096424003610674e-01
7.036471964384912736e-01
7.022058510648697682e-01
7.134126786708956391e-01
7.303547241265737622e-01
8.595478250374810614e-01
4.412395500227811462e-01
4.174631462628151657e-01
2.902600904214472921e-01
1.562643281627378034e-01
4.364732463037963583e-01
3.559780853274522316e-01
5.800027228486344111e-01
4.975230623410408781e-01
2.148056582904900313e-01
5.548714497171027826e-01
3.656332424857147156e-01
3.743896411151259040e-01
5.650214112731429816e-01
5.140714795392337111e-01
7.691868740602149090e-01
6.626929190945336501e-01
3.343478412175271419e-01
3.524636745636786639e-01
9.003971934045091425e-04
3.483005369693582542e-01
4.879850527231930357e-01
4.599066955538151924e-01
4.316883110822971048e-01
1.885783235815123304e-01
1.902935774668345348e-01
-7.544494039352254988e-02
3.140960583163237008e-01
3.449117021943679667e-02
3.194885521705200793e-01
2.369951294883974324e-01
1.616660848276796902e-01
6.430203445034470278e-01
6.057904746208395697e-01
6.978066661390505132e-01
-1.735901977418513251e-02
-7.842860327855981362e-02
-1.674194555564598869e-02
2.173230940318318372e-01
-1.473269521562416695e-01
-1.521214032172859831e-01
-2.678081925485022441e-01
-4.758527684913891886e-01
-4.291826067168119652e-01
-9.514315734343581354e-02
-3.074412806619193361e-01
-3.659837934353208505e-02
-7.738009527671466103e-02
3.752554685836073656e-01
-1.659598476565968816e-01
1.927001385961697733e-01
4.039799914420830751e-01
6.284595411356977968e-01
5.633575992835632151e-01
5.617815470676341683e-01
7.831536146099077333e-01
6.553264899285421441e-01
4.129639565337075990e-01
7.699454835341520420e-01
8.754398438170225560e-01
8.893710811338124689e-01
8.866458299335553406e-01
8.531897318086902882e-01
8.929277683700220791e-01
9.386239793508310836e-01
7.798805937375135056e-01
7.460676627077214018e-01
8.554809665841820454e-01
1.509978397175472942e-01
3.147601666638481510e-01
4.740265309488378986e-01
5.888749762609774008e-01
6.162923118489147534e-01
6.094822469561052003e-01
7.673506409531769545e-01
6.687760594158902450e-01
7.947440018948486173e-01
5.710606530846819018e-01
6.447176868838196961e-01
8.681425902259843896e-01
1.004139357970846858e+00
1.154180821039713534e+00
1.042147558994045209e+00
8.828059810627201243e-01
8.476041454464751101e-01
7.782337030591370830e-01
1.007865578990333466e+00
-7.351819328024056244e-02
-4.452840699297719307e-01
-4.788111677416760914e-01
-4.616921782411971265e-01
-3.784502721720117147e-01
-2.387374591574571991e-01
1.804725541529049460e-01
2.072661875180328572e-01
-8.464965088463133336e-02
-2.997004843622282366e-01
2.133675710040733864e-01
1.126698019891018976e-01
1.779499864049172986e-01
3.766952728225146929e-01
5.629921022581116929e-01
6.918762041541015595e-01
4.675475723939048200e-01
7.830814830009696914e-01
9.820322448739765564e-01
1.039895342329298700e+00
8.913649643200131090e-01
1.109129919462797043e+00
1.207670988075000285e+00
8.602654335026393984e-01
8.091743013323519085e-01
1.223910064691452249e+00
7.399181625806506846e-01
9.046704729029683145e-01
-1.006746297187871342e+00
-1.276242250687958046e+00
3.484150183321413352e-01
7.459113283970468800e-01
-1.273344117177152013e+00
6.304414608226929229e-01
2.894421373568292211e-01
6.628549235399504580e-01
-2.213768112818100153e+00
-2.517355015534390450e+00
-1.804880790070789498e+00
-1.074782429698840636e+00
-2.086731105319568957e+00
-1.725609507356145933e+00
-2.500862571075901819e+00
-2.090834652954134842e+00
-1.771333711149929435e+00
-1.373852694439260613e+00
-2.230935730593573751e+00
-2.744189412160258801e+00
-1.604018690601275443e+00
-7.286260011510015122e-01
-1.433811640365913742e-01
-1.640099497849805132e-01
2.680039585039974970e-01
6.030810712886497393e-01
5.201515842453400262e-01
7.523797098234339398e-01
8.003549331271843092e-01
1.183486881736100838e+00
7.675859844301412549e-01
3.559100532106392323e-01
9.907239817469446486e-01
1.171536833468001859e+00
9.770084414601577505e-01
9.550218093467953695e-01
1.197984425900441963e+00
5.549053324115864605e-01
8.718708195314059939e-01
6.776604055930585124e-01
8.471121586729202235e-01
8.711967525588812933e-01
-8.475231667683000292e-02
6.083361248201165639e-01
7.898972086017252980e-01
8.837869513323821646e-01
1.256496349443971539e-01
5.938370886800957704e-01
4.350094583335464837e-01
5.986262428471013086e-01
9.054232388882383908e-01
7.552980534460895790e-01
5.108227713446352736e-01
6.109992988671880676e-01
2.091468883415375790e-01
1.202335992801450287e-02
2.800643158751959794e-01
-7.257390766077346234e-01
9.722972546104385883e-02
-3.332504029989486471e-01
1.290386139066888316e-01
2.384782487441364784e-01
-4.464196169955269022e-01
-5.646462416619186797e-01
-1.024213605677528616e-01
-3.585406610528802940e-01
-1.438032852191588329e-01
-3.539775440681914853e-01
-6.673296447342175197e-01
-2.356247706458362678e+00
-1.069984131761307911e+00
-2.807578048825810635e-01
2.240499469680559963e-01
-1.420094184293392570e-01
3.080026114224917455e-01
3.080698051936817117e-01
4.212446130168300273e-01
4.345755388224401550e-01
3.690321432362111964e-01
6.717660799174716146e-01
8.376125171544194226e-01
-9.336043935153866269e-02
-2.461966676830549261e+00
-6.415613886060351767e-01
5.967445797296646592e-01
2.530494137289354684e-01
9.040824181677989957e-01
5.648501837929111868e-01
7.456922539634533442e-02
-6.415093279957274908e-02
-9.625494769945525109e-01
-2.031816064757673956e+00
-1.583250673706301237e+00
-8.855681989134521759e-01
-7.807307329960684328e-01
-9.258028209283728494e-01
-1.862620497622562848e-02
3.029914033126183265e-02
-6.661094903905986908e-02
3.352704668219805839e-01
4.162306063351876584e-01
-5.080548806495750469e-01
-2.048360990327743547e+00
-2.236348705812241544e+00
-8.689961330122996097e-01
-9.202404635503755870e-01
-4.396572932627240138e-01
-7.037628179786005189e-01
-2.598125074788680822e-01
4.511071158677364412e-01
7.700225388290502515e-01
2.473702053546221469e-01
2.408836072453356958e-01
-9.921952477066695586e-01
-3.937444176000279294e-02
2.585999838972920517e-01
5.455707353754588596e-01
-4.772068920704488626e-01
1.454623320989671120e-01
2.187033208914689053e-01
3.660031751447735404e-01
7.729920486420733816e-01
3.094800990095152304e-01
-1.459521197350123756e-01
8.742520651381399110e-01
1.114537872832356946e+00
5.897898744825317285e-01
4.681196330340673950e-01
-2.181546566544598220e-01
2.348589797850986205e-01
-1.973057701596657165e-01
8.510017055677976394e-02
-1.058565012108686199e-01
-1.753664090782182938e-01
-6.788057460875418503e-01
-1.528538085531204183e-01
-5.866906048324681544e-01
-8.324878082582701788e-01
-9.903582894471165687e-01
-4.369431948132730947e-01
-8.803152906584512660e-01
-8.306492158267714254e-01
-9.976926913163094435e-01
-8.108334242658891133e-01
-1.001179871473597549e+00
-5.080002389570391630e-01
1.561189632810703123e-02
1.126026116106608327e-01
-1.114009315300403369e+00
-6.061027652016911516e-01
-6.997187940519966620e-01
-1.648525125922873924e-01
5.175426343271811724e-01
1.357231272849312442e-01
2.112684210973792553e-01
1.441924705577243560e-01
6.602224540190020363e-01
7.185123726429378799e-01
7.828154431645699685e-01
3.295682912061220771e-01
6.890606733854868216e-01
-2.404175212356964627e-03
-9.277927535738585973e-01
-1.390949501371899544e+00
-2.046871276315056498e+00
-8.997544498815807090e-01
-2.701637613413120143e+00
-3.694066835995068465e-01
-2.594635361526760775e+00
-1.570023620891152660e+00
-4.895734338251555573e-01
-6.669430662913469199e-01
-1.263357764462822719e-01
1.671982118392260630e-01
2.400465323428491449e-01
4.359105656397000983e-01
4.864483516846223599e-01
3.354680741403009980e-01
3.277399511843880897e-01
4.656139516784046917e-02
2.988433897358208080e-01
5.005316841239056957e-01
7.473348852787011776e-01
8.954287986721886083e-01
3.253222851161671203e-01
-2.436363817927682085e+00
-4.516857832835575737e-01
1.659374217745426261e-01
-2.598587880274693784e+00
-1.614256115177158668e-01
1.226313001871313091e-01
1.392674044169212866e-01
1.189409451087278524e-01
-2.130383003899695427e-01
-2.819587703163904391e-01
4.347353349425265440e-02
2.778709779964442794e-01
4.529443650379630926e-01
2.909612389708019498e-01
3.228382191376147903e-01
1.850085165739266679e-01
5.458249679146779387e-01
7.891428512945996010e-01
4.655799433937017895e-01
7.356821181860081493e-01
7.780488656394641822e-01
3.974929286073479173e-01
4.907262229865387293e-01
3.144245703724509733e-01
3.207068085814371861e-01
-7.231169959314714957e-02
3.058427475532784490e-01
5.857582358363849773e-01
-7.960837459543542716e-01
-5.190312391371779688e-01
2.192457495299482140e-01
-5.799056817010587173e-01
-1.366029385823084585e-01
9.128915908729242634e-01
1.105522640836324122e+00
-4.880432055550686377e-01
9.237626403914624140e-02
5.345036628910347920e-01
2.651723100938662703e-01
8.412859671166738051e-01
7.360475005118763958e-01
4.046103264509262054e-01
-3.194165230831542274e-02
7.443598558264414855e-01
1.576180784072330088e+00
3.635706788959344182e-01
5.273542572777850657e-01
7.651437110435427291e-01
7.983054004965631778e-01
9.792626768192812525e-01
8.104212925775904353e-01
1.156965816280576931e+00
8.768411015325129343e-01
2.236738120169201038e-01
-2.217632105060728664e-01
3.337397869321103716e-01
5.737386905117054514e-01
8.026810285237228060e-01
7.290111694673775400e-01
3.020858624433196415e-01
6.091055816327644035e-01
9.027948291208957032e-01
7.396128960498765670e-01
7.582862958176235235e-01
7.264949493833195993e-01
3.959054359397292111e-01
6.239833651316795127e-01
5.381999510022603683e-01
7.084035488808029246e-01
-3.134016758905368016e-01
2.404958184668051779e-01
6.261190244440195674e-01
7.082435478428813491e-01
4.481498418263565875e-01
2.958672056453391999e-02
-7.525170903070160788e-01
-2.183258218066561618e-01
2.998700277393218649e-01
5.395725471108165916e-01
-2.180351472887414599e-01
3.851836150499633044e-02
1.098274985723521335e-02
-2.276431571066625803e-01
-1.789627330375920700e+00
-1.322007435139495923e+00
-6.835994268027720810e-01
-5.959810375936110821e-02
2.144600137961490682e-01
-4.983885651806443245e-02
-4.666969515654929568e-01
-3.195791109547161946e-01
-1.310501639648230521e-01
-1.526132478755829469e-01
-1.782749935898526150e+00
-5.693565777484397294e-01
1.296232822431167830e-01
-8.036277715040835226e-03
-1.381912478875429118e+00
-1.206734518958305191e+00
-1.401674939889062221e+00
-9.954822850163077552e-01
-8.454768182124915432e-01
-8.836826516131049969e-01
-1.407189192754854545e+00
-1.801899245538710836e+00
-2.568808198155938527e+00
-1.690599323699068401e+00
-8.528093856339047374e-01
-4.835432700773437120e-01
-8.879466041988370861e-02
-2.898349312303338809e-01
-4.118866937592188804e-01
-1.020425669218026243e+00
-8.093418984968516749e-01
-4.039436913121607214e-02
-8.107011578342965263e-01
-7.553817570713069474e-01
-1.802523173633258369e-01
3.688527669986808172e-02
5.593595517317536681e-01
1.758421033088872487e-01
-7.612239461542222863e-01
-9.715353558320825866e-02
4.370434703078672212e-01
7.150004355805607004e-01
7.932340233405834606e-01
8.539273603431348780e-01
7.508688408972677975e-01
7.193606343012692861e-01
8.771226929453043164e-01
4.807346974198838940e-01
7.252770065524750676e-01
4.547718511765891369e-01
2.519005305642961767e-01
-1.231527828776141753e+00
-1.800760856622068751e+00
-1.225323119494092339e+00
-1.250048704262672450e+00
-1.610056560111127855e+00
-8.508893338454766031e-01
-1.735400346329929733e-01
-9.704190977523013961e-01
-6.375983812124685901e-01
-5.949887669857194528e-01
-5.695780947446746900e-01
-2.268123200849371912e+00
-1.334707770719903763e+00
-6.141213734594194174e-01
-7.136033797376492571e-02
-3.299888043918137726e-01
-1.322568695852591736e+00
-1.179173039192172867e+00
-1.145662337257821628e+00
-2.096032909707186143e+00
-2.107528311803333221e+00
-1.295274387160994634e+00
-2.158371593304674985e+00
-2.453179511417003411e+00
-1.157581740700815987e+00
8.432356696662232642e-02
2.804331782911267945e-01
4.498265830554584038e-02
-2.677279055833330923e-01
3.406529879328936694e-01
-3.326710667715085945e-01
-6.711662656374942082e-02
5.270683662785061729e-01
4.872248989836531763e-01
3.915054804946027645e-01
6.336837501786495297e-01
4.538408859349178925e-01
6.155110519740962793e-01
5.050202774466622246e-01
4.711352055821275142e-01
6.279389890564336385e-01
1.356653825708337424e-01
-1.931539028301334282e+00
-7.764676919978944492e-01
-4.873436616083406947e-01
9.867809065285289283e-04
6.154970916313624169e-02
-1.017609388915654112e+00
-5.788364943687082098e-01
3.180268260376830636e-01
-2.997561577513936926e-01
6.272339123835999342e-01
8.862838573370749318e-01
-3.260680629171338052e-01
6.852455065337372808e-01
6.875984004704477348e-01
1.018380356572330392e+00
1.177333277980895376e+00
1.154927479815644364e+00
1.114659307034162383e+00
8.382119965873722212e-01
9.445728750435332666e-01
5.470229744548572581e-01
-3.099836213496388049e-01
-1.497430442750169677e+00
-8.549499519403201964e-01
2.470744234859538202e-01
7.441724232870532418e-01
-1.555583469912384498e+00
-6.960458593151533924e-01
-4.640379536108778513e-01
1.365605771385636769e-01
3.885856328800305071e-01
3.111785627716959213e-01
-1.526537635659616976e+00
-2.422083788593373033e+00
-3.352085778274568328e-01
-1.545054699326344982e+00
-9.464660533498765460e-01
-1.726359085242175073e+00
-2.650091316739485059e+00
-8.505360833834942902e-01
-2.616035901266568486e-01
-9.429497949682333902e-01
-1.842871667035732852e-01
3.492144354079884661e-01
3.262671373620490978e-01
-1.512884707229765202e-01
3.181158160258756862e-01
5.599114569326685276e-01
-1.386590186170084005e+00
-5.648257788725651318e-01
-1.561156947374627013e-01
-3.635785777107443661e-01
-5.590419661970982279e-01
-2.135324865627842517e+00
-2.505032777712945080e+00
-1.647664828851581387e+00
-1.050490046912384789e+00
-7.908386095985986408e-01
-1.835997931726735255e-01
-2.781231411434600398e-01
-2.212900295800144246e+00
-1.200536895555763151e+00
-2.816058933043048551e-01
-6.583268325448092539e-02
1.530261465220621453e-01
3.763642093121686294e-01
-9.149772726384851340e-02
-9.902736680840249495e-01
-6.987706680170774343e-01
1.795427641830235899e-01
5.730844773680352500e-01
2.933962805651089134e-01
3.339058416784699834e-01
-1.394731505620747936e-01
2.036740924752365178e-01
1.247080036325999702e-01
1.252920871261710596e-02
-1.445201977450849273e-01
-4.006963822712860668e-01
-1.456313104332725539e+00
-2.048775990964100568e+00
-2.479418843070539502e+00
-2.463486602521634872e+00
-1.281304879218826409e+00
-7.778311453017688892e-01
-1.554675481457322928e+00
-2.191883444058569719e+00
-1.204529043593851156e+00
-2.017300651198447259e+00
-2.088724250085575385e+00
-2.094397001683344861e+00
-2.192324356396051055e+00
-1.874840110817141303e+00
-1.645809443013960816e-01
-9.250061404273891563e-01
-3.532089314027002658e-01
-3.185858887638482462e-01
-7.597901582627757389e-01
2.573275037969134371e-01
1.259055685787932310e-01
3.563101925655250413e-01
9.195098185883798791e-01
1.048221553449174559e+00
4.013154876749697730e-01
-1.431009427574183590e-01
-1.101162100261593224e+00
-3.392051363825620558e-01
1.433517886708180200e-01
3.736755680594437412e-01
2.113583347376586097e-01
-1.971419597627127873e-01
-1.119407147880516540e+00
-2.083242628196137591e+00
-7.865702990147888096e-01
-9.533715558458076833e-01
-1.046069377975294534e+00
-1.048078018252861732e+00
-1.544980261641034636e+00
-2.372084238565550951e+00
-2.544379579570378969e+00
-1.399466993575962936e+00
-8.517264653447743639e-01
-8.123878136606914602e-01
-1.760014663968507698e+00
-1.181841239062229043e+00
-2.095226621619125762e+00
-2.046417737171163154e+00
-2.091123292868156014e+00
-1.006090619307784761e+00
-1.255529387825847998e+00
-1.767519774866256999e+00
-1.606020542101678661e+00
-1.873303390724849971e+00
-7.212477444547149563e-01
-1.436702877696125619e-02
3.715118677841872108e-01
4.584711055434240734e-01
2.497466912163939234e-01
3.152083647294940394e-01
3.472189280314154081e-01
2.272723647381069689e-01
3.398324872343192471e-01
-7.227514586796828233e-01
-2.720334038778736030e+00
-1.557908316435251184e+00
-4.607298035797344760e-01
-9.451772035812804340e-01
-7.930250665209070959e-01
-7.688775098760951554e-01
-1.861328064206003718e-01
-7.631439209389373479e-01
-1.154481575653326209e+00
-1.261799263558647466e+00
-1.900728183534668103e+00
-2.628643902175888059e+00
-2.548648003356876579e+00
-1.863513092034178253e+00
-9.993781040870011179e-01
-4.456466399639565368e-01
1.346437606715545840e-02
-1.244499274455119486e-01
9.638017635870926858e-02
2.523909252783322898e-01
-4.286773584538048909e-01
9.863177469102289013e-03
-1.596315710608975647e-01
4.673428750733735759e-01
1.395621085275711992e-01
5.971347652837808440e-01
-7.040867283208430971e-02
5.263684200661510326e-01
6.587851808816257426e-01
-6.342257767430148352e-02
2.947432644394993861e-01
4.169657285858767715e-01
5.407397794484545273e-01
-5.607819655677900306e-01
-1.684126878431882121e-02
2.694126941171556822e-01
3.859200544656983256e-01
5.158976659451735003e-01
5.279005870583448612e-01
3.037586945793356863e-01
-1.253189917264156961e-01
-3.908634263771698092e-01
-3.370538852166399257e-01
-2.282353064863339720e-01
-1.458581889922950792e-01
3.658199172296360824e-01
4.957822692502008577e-01
-2.159620014543767175e-01
-5.931964596862748795e-01
-1.995106645673170087e+00
1.102375237756663198e-02
-3.682342584910440197e-01
1.914530796063337315e-01
2.199100781546613204e-01
9.433136649163552379e-02
-8.532122195726162817e-01
-7.498414046921753062e-01
-8.613767600434419913e-01
-2.167922072917088938e-01
-4.246079567207592942e-01
-1.386352958942969719e-02
2.273089596113549438e-01
4.742655367745312045e-01
3.959045399745012017e-01
3.494294200960035290e-01
3.548584840169575760e-01
1.665518410771176516e-01
2.732192142268312640e-01
5.121736524707060090e-02
3.343007254461916600e-01
3.588982576603764740e-01
5.042146625179018127e-01
3.283107131370592846e-01
-1.894569925393435050e-01
2.820224683393894316e-01
4.448750262638411224e-01
3.013756897065772988e-01
2.154593468550573543e-01
4.658737892068453429e-02
4.530641025434842817e-01
-1.215085007570260861e-01
9.744484322466084869e-02
2.935122549165520289e-01
2.118535513962055139e-01
-8.919462214447263504e-01
-4.393630242372881245e-01
-3.233624514453634635e-01
1.270330948337407111e-02
5.158380381269592890e-02
-4.509394429386505421e-03
3.663996060106022162e-02
1.792572726289903828e-01
-1.309751865785490840e-02
-5.010579101639529576e-01
-5.635211904658923299e-01
-4.035763703803435520e-01
-1.240189630979929847e+00
-1.178979121646400174e-01
5.829295752181494761e-01
4.768183664312025671e-01
-4.313316707128211913e-02
-5.307044759393906297e-01
-1.126233715473238917e+00
-5.314896371889749060e-01
-3.436432454603519787e-02
1.819976999138060991e-01
-2.006291347797733299e-02
2.240995099470929341e-01
-3.722857755090301923e-01
-2.463347574232643389e+00
-1.525180150687169167e+00
-6.729983940732044978e-01
1.008788168874473756e-01
9.285686228150992483e-02
5.144443717769023872e-01
1.936372386793242806e-01
-1.795041259071802897e-01
-2.084075512438757494e-01
1.190897199213443031e-01
2.879043437120685223e-01
2.410726237145442152e-01
-4.797867861686770374e-01
-1.111445688094275130e+00
-2.748194297384104479e-01
-3.639915733055032465e-01
1.973628346987390259e-01
2.161065782672942914e-01
-2.441182817638366254e-01
-1.534058537982473935e-01
-1.102269608719440436e-01
-2.003117562881188807e+00
-2.392421968263638288e+00
-1.570474819619607221e+00
-9.377072443985516592e-02
4.580330002032337484e-03
-3.081298975065474566e-01
3.264585577999994936e-01
4.390451816080396807e-01
5.095616228520626345e-01
1.959460149546413954e-01
-4.199040538637956455e-01
-3.917104309242290805e-01
-1.977569222081979328e-01
-7.327572396607582306e-01
-2.356133052825286622e+00
-1.196393170742086509e+00
-1.230586938781043527e+00
-7.352129082056660936e-01
-1.533478346404793635e+00
-2.295914903522150663e+00
-2.008992148594388460e+00
-2.283910009361067583e+00
-2.367016008524562398e+00
-1.341585785545016618e+00
-2.763587786440515615e-01
1.915449244275493068e-01
1.308923241558149486e-01
3.346938921834791136e-01
3.032345701193164822e-01
2.327246158030551182e-01
-6.300773863433092314e-01
-6.572853222607342172e-01
-1.212123093890718900e-01
1.017131583175297643e-01
-2.654438972220178328e-01
-1.482527980317382088e+00
-9.473752286137392398e-01
-6.514390599154863681e-02
3.038780376346141843e-01
6.017691253430945686e-01
5.155540861258002261e-01
3.438858215671629637e-01
6.087938965017941628e-01
8.230695965592166319e-01
1.047538838748353740e+00
9.308561926394238739e-01
4.984291623267455007e-01
7.744717705478127989e-01
9.506037759998475778e-01
9.958101989507701646e-01
2.218992771565794775e-01
4.443147456151905206e-01
5.175224655798477125e-01
5.540061168997006957e-01
4.814204777448896078e-01
3.609569978451217520e-01
2.555911181161579782e-01
5.341090955087921532e-01
4.597697258049481817e-01
3.001296733354674728e-01
6.869855884172498817e-01
-8.596750177265518461e-03
3.300353499844002059e-01
2.791612675605613103e-01
4.109133675403497943e-02
4.551901736319275416e-01
6.479232307445969008e-01
5.039910437442874924e-01
2.030169914378069096e-01
-2.558466021677032742e-01
-8.072625817811975024e-02
-5.075565033944197113e-01
-2.174575002794142620e+00
-2.498722921352009241e+00
-1.127852212877149762e+00
-1.314270699579330515e+00
-2.310324720934337606e+00
-2.564082933884757054e+00
-9.357851152017248042e-01
-1.351963268775660809e-01
-3.087559869533865742e-01
1.718322768763064778e-01
3.675302138252179995e-01
2.863780873315833198e-01
2.748540709547119820e-01
-7.905856232109020887e-01
-8.289362833518099105e-01
-1.121475951775656038e-01
4.901236143129932693e-02
-2.629961347419989548e-01
-7.778585633288086221e-02
-4.394415703686936903e-01
1.174863829988200964e-01
1.424022130512886952e-01
-6.531339130244124824e-01
-1.444275324608567779e+00
-7.402594050655059155e-01
3.763573034188231747e-01
1.848263647847899760e-01
2.626051839918651654e-01
5.212854833864234427e-01
8.193038645690958743e-01
3.839901702656590143e-01
-1.183123048838888858e+00
-3.313584845581236671e-01
1.006902643929666191e-01
-1.414558112173924576e+00
-3.396854661796531172e-01
2.357844616763371814e-01
-5.697315650485407397e-03
3.212190670434819095e-01
2.394778766472246689e-01
2.930249107366864059e-01
4.036944746914036819e-01
3.359105406782896264e-01
2.403216338500824834e-01
2.216903033637935005e-01
4.776184927102099520e-01
1.393340413865069294e-01
1.678179613846907392e-01
-1.425634407388537139e-01
1.618917980392270695e-01
2.864704457735221532e-01
-1.495392412364744406e+00
-2.409789416870600220e+00
-2.410196251213653440e+00
-8.667876306745325721e-01
-1.139574356056906490e+00
-1.182240944902397534e-01
-9.984777606742599454e-02
3.174720720270408636e-01
1.342356659390029072e-01
2.064661892520868736e-01
-2.821073830237395136e-02
1.841313524989129924e-01
1.342715871618088697e-01
1.841073732127435358e-01
-9.891724379132040834e-01
-3.363047807741996742e-01
-2.906166387790102279e-01
-1.036441009057983864e+00
-2.062422861006235841e+00
-7.930548309780017791e-01
-1.503947943224626105e-01
-7.512919521368012221e-01
-3.991296074203771749e-01
-1.764809167196678130e+00
-2.435822858645629196e+00
-1.249531625364043608e+00
-2.245475107243034840e-01
-4.505019119775126590e-01
-2.220173707987627837e-02
-3.387995441487444137e-01
-3.201227172825084621e-01
-1.160577079154746505e-01
1.290757666132292814e-01
1.672043227330801130e-01
2.086753915196395415e-01
-1.091436504346567693e+00
-2.353416050566028705e-01
2.878586658399761022e-01
2.414566589049873813e-01
3.277075984131406772e-01
-1.969859840428876685e-01
-2.382346396630843355e-01
-3.735479211756981277e-01
-6.006435761401298645e-01
-4.057197561779051775e-01
-2.591872989508729463e-01
-4.323510652990575909e-01
-6.653715030264936159e-01
-2.607770308396236691e-01
-2.369243686649708247e-01
3.469736968474612659e-01
7.296625562880350024e-01
8.845540983512081290e-01
7.842115738161485883e-01
6.114850580893040899e-01
8.660090284205380629e-01
5.679149318217150411e-01
2.453332775979107372e-01
7.703919318981919395e-02
1.395985429663755550e-01
-5.652645966415434930e-01
2.562732146147594925e-01
2.204251063556040835e-01
2.499966753909277639e-01
6.124627135190860994e-01
5.322069418272640240e-01
-1.304904533441659575e+00
-1.442669862910289202e+00
1.553869487384790943e-02
-1.116804103181211039e+00
-1.117027024926648515e+00
-6.439318085535747915e-01
-9.290546130239639711e-01
-8.689374293023268692e-01
-2.107493993593470560e-01
-1.432861048253346314e-01
-2.532960956879380943e-01
-4.471210611489598308e-01
-6.744878176212144583e-01
-4.648402818837816253e-01
-1.727079167717573416e+00
-2.453885326325563110e+00
-1.470561472874323483e+00
-2.988796267066959889e-01
2.770921060048661122e-01
1.148394023046444279e-01
3.339137249384592776e-01
3.917833547894991053e-01
5.646689549420269572e-01
5.284907623810762844e-01
-1.954814877485936131e-01
-1.162422736599937112e+00
-1.593073889197557658e-01
3.647430452163928916e-01
3.245745323434456875e-01
2.458773995926738787e-01
-6.848637548792538832e-01
-1.733846393683711185e-01
-2.865041390092467055e-01
2.827530511164854099e-01
3.724221401861427250e-01
2.153553574082002764e-01
4.342933420209024731e-01
3.128413202468886545e-01
3.174593071797663923e-01
-8.372384719343561876e-02
-3.469139372227246776e-01
-3.885044861556034568e-01
-4.209812907907781176e-01
-9.461530699548092310e-03
7.958396861576293125e-04
4.224144474553188089e-01
1.628656907411982213e-01
5.109485313518096206e-01
8.688408311448787558e-01
1.230192954136491101e+00
8.609674995616617421e-01
1.179829786527417879e+00
1.230673870142372950e+00
-2.590369335360989678e-01
6.199904601956960359e-01
5.417357331316703384e-01
5.746478335128296644e-01
3.557256166531762576e-01
1.081547904943126887e-01
4.362986094902635559e-01
2.215592962670350496e-01
-1.256264680158954983e-01
-3.197535664293751911e-01
2.179966821630484053e-01
-2.365941119659582981e+00
-1.699398048976960451e+00
-2.688093493152964863e-01
-2.274100265284954847e-01
1.666618394181894336e-01
3.253899374194417216e-01
5.583124640696174312e-01
-8.638099033803074978e-01
-2.254784479704980527e+00
-4.621274143004669432e-01
-1.506685432314301964e+00
-1.601562926727802205e+00
-4.178815803369578252e-01
3.026516098404265498e-01
5.753544395594136773e-01
3.984493307339559420e-01
2.088525147067368526e-01
-5.901026222535312726e-01
-1.399396116707060100e-01
2.517822466360449263e-01
1.981382204198360864e-01
1.775292717362702555e-01
4.766343223531375739e-01
6.873453528994699635e-01
3.827550349865870838e-01
-2.074765064872680920e-01
2.504506963076210679e-01
-1.050997553000621698e+00
5.579587403878619178e-02
1.692810499851269690e-01
-6.353934503025247815e-02
-5.183549137737200052e-01
4.070021855109837716e-01
4.567940051400763424e-01
2.424593161453343082e-01
-6.962453419807723698e-01
-1.199358908959873737e+00
4.879573087360183359e-01
8.754720602253814876e-01
-1.947628091195634514e-01
-4.388052508432190857e-01
2.275876537161161395e-01
4.515333520486555785e-01
6.615676612170203752e-01
5.683780822102740826e-01
-6.359356914340235090e-01
-2.146133984889580515e-01
-1.946443911167963225e-01
-1.420983989437003547e-01
-1.353087705714439259e+00
-3.170482811843466919e-01
-3.621699823764927273e-01
1.751839136662354801e-01
1.079382531082975355e-01
-3.201577085386685395e-01
-9.563843478364970618e-01
1.168019683417458217e-02
5.014592474320199722e-01
4.602553986241851858e-01
4.297395668649700573e-01
8.832115714293943265e-01
1.092378405552451470e+00
-2.291466083794772846e-01
3.009353436437733342e-01
-3.122996556622177344e-01
1.703746161118735725e-01
-3.607070659710956417e-01
7.664281437354022453e-01
6.456911131240775648e-01
-4.126856623191456630e-01
2.441455077305021704e-01
3.529776461163440793e-01
1.019896966839112795e-01
3.214686629211160884e-01
-3.165882441334945674e-01
7.002825341384172342e-01
1.056746300373661462e+00
1.138548804080368876e-01
-5.084052790098863017e-01
-8.657027747127488126e-01
-9.299541476771029380e-01
-5.619870924364052112e-01
-6.066219531411205512e-01
5.732407877712205474e-02
3.431409904042701225e-03
2.156115570481586807e-01
1.075194146088008645e-01
2.667904222963003377e-02
-4.796848451008808301e-01
2.869868654838745314e-01
1.683854086018638230e-01
-2.691911510006280706e-01
3.380779620336944458e-01
-1.741700339963749011e-02
5.440132382711576620e-01
1.531591812266533681e-01
7.902123277544020885e-01
-3.410372964799671669e-01
-4.559370693175770484e-01
8.515650885068878906e-02
1.199425406250439058e-01
1.186187882347900374e-01
-1.563044653419429497e-01
-3.188870654248149861e-01
-5.702817696014796101e-02
3.413329898035116772e-01
3.270643972972472335e-01
6.226179629963536355e-01
7.328001342857279887e-01
4.898910798814178902e-01
8.140095715236838059e-01
9.053687042047104949e-01
1.074749518919097202e+00
7.441268386925150580e-01
8.006606254120219868e-01
-7.764194280769534107e-01
8.962290181908307007e-02
-6.248107756094049003e-01
-1.608799420693893256e-01
2.888862545258433223e-01
4.823608573011067824e-01
-6.234584065617749388e-02
-4.492137226797175420e-01
-1.423597705089283849e+00
-3.846524482742965656e-01
3.386324349768993908e-02
-9.895036931164821747e-02
1.137275663847530788e-01
3.080516723489162279e-01
-9.908636247694578569e-02
-2.038565148138932193e-01
-7.487640354119219632e-02
2.186265877353072706e-01
-9.721642000837563136e-02
4.462770023120927187e-01
2.184018463896425510e-01
1.160610880381517607e+00
1.031409383569226623e+00
1.091732888426768522e+00
1.087017766229651405e+00
-2.143227730598217806e-01
-4.326216325334535928e-01
-3.644056367135219410e-01
-1.331451520860865278e-03
-3.324225575654484732e-01
3.972833143826716706e-01
6.111949374914390498e-01
1.088217152425182466e+00
1.250577380438945063e+00
1.254905435928532764e+00
1.165613816218395771e+00
5.977432441023990961e-01
1.037685674806478442e+00
9.647503180095515773e-01
7.855775986788480214e-01
4.102858281089082348e-01
4.421504484615646491e-01
3.034169809639518656e-01
3.767972795947616138e-01
5.605687507025922667e-01
-4.622381247821287786e-01
-2.083533387095986011e-01
1.918529315284467629e-01
-3.991446612804834815e-01
-3.602675121642679446e-01
-4.469045606124203429e-01
-2.656441072532834125e-01
-8.164274259552883883e-01
-2.828022674737332709e-01
-9.891140581622011319e-02
1.639623449920934173e-01
8.264936247163122418e-02
-2.121772068899669128e-01
-1.118557969159189591e-01
5.621677947978229173e-02
-2.666401487251441882e-01
-1.274209972322361661e+00
-1.516337960422758924e+00
-7.919755041032461307e-01
-9.416307346209402684e-01
-4.129333445675278935e-01
-3.004011841327914323e-01
-4.071056649929639670e-01
-3.102123651667223481e-01
-4.794651769922255724e-01
-2.295740030495376227e-01
-6.353491644559881857e-02
1.581003689556771327e-02
2.487434741388249437e-01
-1.481531133712392541e-02
-4.806481041430669954e-02
-8.122544226509573195e-02
-2.615711141544486695e-01
-2.454111859114312677e-01
-6.739143687616875322e-01
3.274137080150907875e-01
5.173704289331780837e-01
4.836051613434115826e-01
6.228479789703248448e-01
4.975474633787017598e-01
3.418749682588667071e-01
4.778019298374689972e-01
4.451514741451391144e-01
6.767923295706481657e-01
8.434544604147506952e-01
5.124430731119813398e-01
5.924399367364590052e-01
5.004015348775040506e-01
2.237140399180305717e-01
-2.256575694856143011e-01
-3.819664117361249445e-01
5.039776898505334002e-02
-4.234569919196510823e-01
-2.682034290144986177e-01
-1.470133556752747928e-01
-1.288668746579415547e+00
-1.121633840697562334e+00
-2.147234536706006836e+00
-2.130598835018131521e+00
-2.103713860691296400e+00
-2.280452550224795871e+00
-2.060266857068576485e+00
-6.185528484187570175e-01
1.307722962936141986e-01
1.995359600801839550e-01
2.614062392049637529e-01
1.909001006660503430e-01
3.053460018224390393e-01
5.957573564137930155e-01
7.411636838973634234e-01
4.748496238563488236e-01
2.596681335835842597e-01
4.064722727044984274e-01
6.855016188886874084e-02
2.878200834732422275e-01
-1.864877842356381654e-01
-1.372725758381624916e-01
2.934171527949949732e-01
3.144253153469759310e-01
2.451460422767724745e-01
-5.045073729703608567e-01
-1.383998391150407237e-01
-1.621827125602132158e-02
5.072289337879102300e-01
5.681785647419032026e-01
4.892903475795386536e-01
6.385514125441622557e-01
5.012387745275485029e-01
4.172163650591946271e-01
5.645153256624159122e-01
5.584890257471271102e-01
7.550182603733110454e-02
-1.622793533155751644e-01
4.141544909674994834e-02
-4.800089252748327984e-01
-3.391220390260633183e-03
-3.026977979315397804e-01
-1.400890733608007865e-01
-6.822316248829866092e-01
-4.627865855401656625e-01
-3.138447972177366152e-01
-7.169851749357679660e-01
-2.984973129200274022e-01
-1.077605583188534499e+00
-1.720481067726454150e+00
-1.127484814891089426e+00
-1.821932007607342197e+00
-1.475504352302185129e+00
-1.549662357484056008e+00
-2.683088469787809238e+00
-2.637287595686952368e+00
-2.610375271741610881e+00
-2.721376597049687707e+00
-1.846613728061125004e+00
-8.788590249400829446e-01
-1.561251263579793158e-01
-1.438483237886270194e+00
-5.587032497590491698e-01
-1.937624353555812862e+00
-1.919256705893390258e+00
-6.274329428365220673e-01
-2.129598833372973843e+00
-1.696934337247804070e+00
-9.576180805625252868e-01
9.544260640169206777e-02
-3.976384926897031380e-01
-8.607815831479790347e-01
-8.563305778944173552e-01
-1.583135111746674095e+00
-1.658600618441152141e+00
-1.449186611346099385e+00
-7.713619128020707816e-01
-8.916178377347819817e-01
-3.247418209131704980e-01
-1.220316931331364985e-01
-2.395564621196022981e-01
-2.588900292753800181e-01
1.101824919029334993e-01
5.054254467086033431e-01
5.704420076264454798e-01
1.388024029833862527e-01
8.690352702130536844e-02
-2.669259663145252814e-02
-2.583449659026624823e-01
-1.036367698230988843e-01
-1.125966149693159030e-01
-1.635901283800614614e+00
-1.764122902920383318e+00
-8.310703908112976324e-01
-4.830393967170545366e-01
-4.855795312027899047e-01
-3.076878534793340836e-01
2.293587240126930826e-01
2.803387810983835604e-01
3.188248338813744476e-01
5.140455817690139373e-01
1.974060222452649616e-01
-8.709079632693076389e-01
-1.277348625388433190e+00
-3.783964295775426034e-01
-6.692927990797949145e-02
-9.725237919768122685e-01
-9.334035676734474540e-01
-1.146711521976213843e+00
-2.013514983679324466e+00
-1.937626038543789786e+00
-1.182133787782203127e+00
-1.215919328075639294e+00
-1.183711199577411888e+00
-1.016879277724659802e+00
-5.997440067009834896e-01
-2.096222874974242312e-01
1.447187191231010805e-01
-5.381597504313034852e-01
-7.212778511006162629e-01
-1.118966581573449304e+00
-7.668804904858274041e-01
-1.152152690188337436e+00
-1.173423176262962525e-01
-1.025780791901696604e-01
-8.980437915088450573e-01
3.164046200475136711e-02
-1.030160094111765456e+00
-1.747571051022402400e-01
4.711137070533131244e-01
-9.367094400453402914e-01
-1.035014833819617452e+00
-6.963106428596630426e-01
-2.653032962075222989e-01
-8.107537180034403157e-01
-1.716550481397003614e+00
-1.052900894704074997e+00
-5.456130109068610956e-01
-8.320634382435179166e-01
-1.118969482803727100e+00
-5.948402818970234263e-01
-1.527214968344226209e+00
-2.024409117083153742e+00
-2.661640816598460191e+00
-7.556611099952212918e-01
-1.239234173413081841e-01
2.698088029540298693e-01
6.556698361046877643e-01
4.566493860333767363e-02
-1.154818618269457087e+00
-2.441007526756602264e+00
-2.382004304688548402e+00
-2.838295288274784500e+00
-1.458830928190682164e+00
-1.531200193031366119e+00
-1.286661278902901717e+00
-1.449672492257670475e+00
-1.170911094577040679e+00
-1.722142117423380414e+00
-1.079892386536216664e+00
-1.856844062185768696e+00
-1.627044581215931984e+00
-3.018368694703564281e-01
1.562263392390074723e-01
-2.150662484653437928e-02
-2.991673514937315814e-01
7.983948766382453766e-02
-6.587926268677700703e-01
-3.531153146496717743e-01
-1.436175494642766282e-01
-5.772124959355013907e-01
-1.028813225572730916e+00
-1.135953656196063921e+00
-2.428867014641948430e+00
-2.227657058376308008e+00
-2.090232191301229836e+00
-2.420523123475759597e+00
-1.661213472336809049e+00
-1.030145680129693098e+00
-8.472174489263367692e-01
-4.901013109486442310e-01
-9.529470648025534230e-01
-7.982751705464593561e-01
-1.698182486658380563e-01
-1.281374666555620268e-01
-1.126532929922864135e+00
-1.494396909389368089e+00
-1.766373495701430096e+00
-2.250689860905207063e+00
-1.131810229136815282e+00
-1.655101198697623177e+00
-2.079786478593687704e+00
-1.819052753206849449e+00
-2.211443799914976083e+00
-2.298508972465311384e+00
-2.169911668072703748e+00
-1.615806401378182988e+00
-1.702764320782307106e+00
-1.867441564768117068e+00
-2.216191498253428982e+00
-1.904344779637709539e+00
-1.444079949067236690e+00
-7.359695018746964523e-01
-6.092739734227402559e-01
-1.004462251060156852e+00
-1.631194054485641809e+00
-3.393078167899622466e-01
1.006723562816291308e-02
2.962388247753464446e-02
1.606871080279654029e-01
-1.629648381964711457e-01
3.722069425547769872e-01
6.020085929773753008e-01
-5.351162277234093601e-02
2.356243389698145507e-01
8.453965692409208810e-01
6.577194213847147308e-01
9.396323079673983836e-01
1.296024347975723856e+00
1.204922435394497837e+00
7.934139426070002665e-01
8.756718598777849527e-01
-1.749304413259535340e-01
2.739460161655666304e-01
-3.706499267970653766e-01
3.418167766046441014e-01
-1.103220588744805580e-01
7.094899661924461420e-02
3.339787749328176902e-01
7.487389261890585734e-01
6.147604740594753148e-01
1.648275910090923335e-01
-3.472562711150253140e-02
-9.355945294653769118e-01
-2.280430271689682931e-01
4.606314099521276462e-01
5.344265741706650044e-03
1.834111599783785351e-01
-4.167552980745951180e-02
2.099709290540224260e-01
7.118669046105402520e-01
6.189057807593821847e-01
6.808192830013480856e-01
7.683811930940067647e-01
6.002679874714664798e-01
6.890453237920635132e-01
3.030827716746493650e-01
7.204832879839391246e-01
7.566734447192946522e-01
6.444455155148884895e-01
-7.854119120659872610e-01
-1.182349888839781649e+00
-1.767608616981318992e+00
-6.219951371795721107e-01
-9.272502516578058351e-01
-4.220510530267038152e-01
3.062522648691672900e-01
3.310087862952929005e-01
2.346451343974247927e-01
4.673132821740569876e-01
1.473868605207448446e-01
9.925371544558774239e-01
1.010019680058424463e+00
4.345111819710453238e-01
1.050198954160225906e+00
5.484785709068653592e-01
5.621068049942575806e-01
6.115209071233036475e-01
1.122568943011272635e+00
7.680280215361302565e-01
4.395963424014153742e-01
5.969133463868683265e-01
-5.348551646261955339e-01
9.201750663951857589e-02
4.554324167284464209e-01
5.472768554069623592e-01
3.543294303945247470e-01
3.915434149866418023e-01
1.453888368403915277e-01
1.267177515275608457e-01
1.623332744822112150e-01
3.118763824199948242e-01
3.045102680280048491e-01
7.899975619950330152e-01
1.047669302256727386e+00
-3.869297987340237777e-01
5.024860670361075421e-01
-1.013308991144580284e+00
-3.290840808877954493e-01
2.737657200033353222e-01
6.868891300114221554e-01
7.409912073395136245e-01
1.016991294059351514e+00
8.066930357640340610e-01
9.357345564098157320e-02
2.380708085873367297e-01
1.180973117199269451e+00
1.224129785698776507e+00
8.043261798036692722e-01
-1.954314945007611104e-01
-8.162701117081161417e-01
-1.634544777560305029e+00
-2.001857294154588907e+00
-4.727694755297286444e-01
5.535349558756776922e-01
7.574697746832101952e-01
-1.003971280097298413e+00
-2.224487902162970876e+00
-1.771554243489242841e+00
-5.861224166644176670e-01
-5.350878382821128154e-01
-4.839688450125337882e-01
-4.009278586422144741e-01
-5.077050928013860931e-01
-1.294941117571616895e-01
2.906822284270930701e-01
2.016316149943337688e-01
4.131959668219807869e-01
3.844451989644494527e-01
4.493196350658965610e-01
6.851439993769181669e-01
3.715694772630564469e-01
6.278115530769476926e-01
9.516538997170355119e-01
9.232160650149754400e-01
9.050371827286105564e-01
1.092307986012398091e+00
1.199540711066158227e+00
1.142351333409534764e+00
-1.408039161583722783e-02
3.610042554978122598e-02
2.353118650835940295e-01
-1.148318300746554499e+00
-1.821163766199776379e+00
-2.590421910870742916e+00
-2.668922529306007707e+00
-8.215316176688404193e-01
2.036324165782233131e-01
7.054948482040028779e-01
7.141362440591129124e-01
7.245087061975795661e-01
7.024742970476947068e-01
7.582291536371984497e-01
7.171782964643735880e-01
7.898953045078954682e-01
7.563247582117500478e-01
5.658072767387599677e-01
2.254953433437651700e-01
-5.530294603506661494e-02
-1.128572997684684109e+00
-1.724330914205431498e+00
-1.845563484347610528e+00
-1.668605032307218794e+00
-1.126598083815442353e+00
-9.377527283268165537e-01
-7.813947357483794764e-01
-1.850959141429302734e+00
-1.107447870723796246e+00
-1.679325137599269047e-01
1.657710333413686121e-01
6.841628715694316742e-01
5.147796244129579923e-01
1.148706663391567545e-01
9.808986974819883242e-02
-1.666611071879662287e-01
-2.859435646825326249e-01
4.959379331015952713e-02
3.997003300229169387e-01
3.860712774359734700e-01
5.355812735695910654e-01
1.617021418859602433e-01
-5.582242348966502954e-01
4.855007824056485899e-01
7.522203240350122666e-01
9.840882325115131168e-01
1.178295575053872168e+00
1.300309922682924002e+00
1.283976232259982808e+00
1.297933917084508337e+00
1.237563761804666651e+00
1.253645515375173547e+00
1.328906434927057845e+00
1.400019425595833589e+00
1.196193519556668639e+00
1.604201489232462086e+00
1.296425498720215952e+00
1.444291568916715507e+00
1.482259743462885249e+00
1.731121955690386738e+00
1.448578387999942763e+00
1.501812012074831948e+00
1.495231701193283858e+00
1.620248875637654074e+00
1.177187451539571938e+00
1.588005211381082082e+00
1.348343854083271731e+00
1.350377535958054986e+00
1.243464610579761764e+00
1.366822826426952187e+00
1.447533833967471262e+00
1.535118360856183362e+00
1.529211675883233701e+00
1.358469612774811930e+00
1.711687882664487237e+00
1.253447218064543733e+00
1.024226251580270475e+00
-1.440280960606981908e-01
-1.961034477770932982e+00
-2.440176756387934187e+00
-2.072365214471663997e+00
-2.460050574304644133e+00
3.993898274662905923e-01
5.990928585704878850e-01
7.093118387373389400e-01
2.597654208778353846e-01
5.529688959195049325e-01
7.002447524141944823e-01
6.683182166723065087e-01
7.693883956987940254e-01
2.166034278355486731e-01
6.302495091489708490e-02
-4.536425472899920097e-02
5.366184519344464887e-02
2.994038118884972399e-01
-4.152032989662238216e-01
-5.353116413105127869e-01
6.812327439248241912e-02
7.564681153114269918e-01
8.515870815741488631e-01
1.841791658608557258e-01
5.190523877724737556e-01
4.601252685599672154e-01
9.018204721532890877e-01
9.091462582361838907e-01
1.094820684497449514e+00
1.241005244014381059e+00
5.063748517091760659e-01
1.034966686532048818e+00
1.250277671634167032e+00
1.210764274865916645e+00
1.132736678342870729e+00
7.881893451234061043e-01
7.831530252811572668e-01
8.502181906839050285e-01
9.088941473691336537e-01
9.905317920129754761e-01
9.242363676942246808e-01
1.157369365074353063e+00
1.130875892734927834e+00
1.127957785036804550e+00
1.201586617446543048e+00
4.874420295773278511e-01
7.119423270363818279e-01
1.019747442148614125e+00
-1.850770839821202163e+00
-1.281324902497778861e+00
-1.006436467033409166e+00
-2.105533281030460002e-01
-7.152354820575110850e-01
1.524002514778196593e-01
4.659807666076942745e-01
1.010148474885331632e-01
7.409045599832525530e-01
8.221393160005656675e-01
9.285846139262308174e-01
1.246032220504695420e+00
1.388001239336751125e+00
1.107136852442936359e+00
5.498766060479083340e-01
4.046395049447589209e-01
-9.203702060965458509e-01
-1.930464117395194412e+00
-2.305720235456259370e+00
-1.945013575970008901e+00
1.877981535795108237e-01
-2.133319730617461829e+00
-1.870716943120383613e+00
-7.166103057694195311e-01
-6.130715377078833628e-01
-1.635906097425860795e+00
-2.772241407040692884e+00
-1.836652672632575145e+00
-1.084912822554614964e+00
-5.491395946825446961e-01
8.413618679708816106e-02
1.245356872344712679e-01
-2.177567030782772417e-01
-5.876350260354887833e-01
-6.267012567533098988e-01
1.496002999912246154e-02
3.521317849033734348e-01
7.358902720003336340e-01
7.655192084857742607e-01
8.294230610375342705e-01
9.233094276945494894e-01
8.508187810979379595e-01
9.383259066794006342e-01
2.162377608760832903e-01
4.733154315176072990e-01
-3.235715415197255029e-01
2.728162804704142852e-01
3.204762279106089240e-01
2.137745021028457648e-01
3.901041010948974597e-01
8.814653327880979106e-01
7.386533171753394411e-01
3.020304163150566712e-01
8.781969745842490571e-01
8.106382979818428369e-01
7.519034612614373669e-01
2.016037024877914141e-01
2.833980316406400912e-01
1.743736486598430613e-01
2.172634548308472746e-01
2.314090687436623217e-01
-1.138314362950500369e+00
-9.915535662211547585e-01
-1.805509159934666208e+00
-2.299953702354769369e+00
-1.059327242793726143e+00
-8.985218217460051449e-01
-7.789071188652412214e-01
-2.317811276546043242e+00
-8.276583408568756184e-01
-1.070046901107287063e+00
-2.237647972139116703e+00
-2.882643117720498083e-01
-3.423555197546305356e-02
-3.840243806079214894e-01
-3.471873676172507195e-01
-8.617806129866514286e-01
-6.916527250278562411e-01
1.035135247242672113e-01
-9.297631010596759671e-01
-1.089183459782453234e+00
-2.161782374357295922e+00
-1.158404508720467074e+00
-1.727476036721906416e+00
-3.698103119771005143e-01
-2.591894098954798498e+00
-7.234832504698226474e-01
-2.060675946423132565e+00
-1.725946173390691563e+00
1.125876030368827274e-01
8.256211972613186623e-01
1.156583099199522735e+00
1.275603999025414437e+00
1.160389080519764304e+00
7.223327200181093311e-01
-2.939809228909531780e-01
-1.055172779072737876e+00
-5.457158481547840223e-01
3.565421750530805012e-01
7.248842053762672988e-01
8.719889747000383329e-01
-1.121041950048792035e+00
-2.421184004416797875e-01
5.442799025705096216e-01
5.427562375734019673e-01
1.015557195800375068e+00
1.022986991662514056e+00
9.658642964000554443e-01
1.159516741920295413e+00
8.186364853487073656e-01
1.052978791756663757e+00
9.590675194900154521e-01
7.390758012364956331e-01
7.195975481416093666e-01
8.884922591491941635e-01
-6.262142044444929390e-01
-2.372003761758594287e-01
3.896619707025223422e-01
1.003223915713225001e+00
4.282619490869028489e-01
-7.349810707160747691e-01
-2.723436678424540069e+00
-7.868990857720096210e-01
-1.380937984979777045e-01
-5.752328005953696310e-01
7.661004170983460870e-01
9.830983216777462452e-01
6.242766160540427212e-01
-1.435434418944853824e-03
-3.181221478110828060e-02
-1.396706708537666652e-01
-8.160185488151066036e-01
8.177431592342364330e-02
6.945082386078484937e-01
8.379282500661907607e-01
5.191146408494914377e-01
6.979000145892032547e-01
5.526986115578611525e-01
8.061060595623561476e-01
4.956147395702215630e-01
-8.150411595042409418e-01
-3.812534011671216416e-01
-1.402437229952371522e+00
-2.039998346034710863e+00
-2.239175099572032757e+00
-6.778337310624801271e-01
-2.213335077739920997e+00
-4.789911556188169994e-01
4.991597307447952492e-01
1.014968080741708079e+00
7.953828371758855376e-01
4.330628430840012810e-01
5.635747737384591005e-01
-2.508204305086095820e-01
5.043596039915355655e-01
7.240347703114057287e-01
4.602314233412417299e-01
-1.216813404255179254e+00
-3.587073499693628764e-01
2.424867753499977130e-01
4.032464071171783931e-02
-2.470216553930704606e+00
-5.624007558272612339e-01
-1.593438577247546561e+00
-3.747372718873032138e-01
5.535547819036544803e-01
1.139560296706905618e+00
1.089831841714822280e+00
6.395263013248282391e-01
-1.432916198639958560e+00
-4.472269343064930736e-01
5.665049122012367766e-01
-1.068458074093726756e-01
-2.070623404964307746e+00
-1.307569375795198940e-01
-4.091176366936002951e-01
-1.052532360760142671e+00
2.503532342871515048e-01
3.963921556458440687e-01
-2.027264606531107294e+00
-1.934870982677703966e+00
-2.470584799588799729e+00
-2.137015266117126888e+00
-7.944878897658559369e-01
-8.901094732814712751e-01
-5.113448467128801633e-01
-4.284199572230609210e-01
-4.586849490687190944e-01
-4.183238062990616846e-01
-5.102025527806075544e-01
-7.173170247901571039e-02
-4.784362207437118930e-01
1.017306988000371004e-01
1.386727421006938854e-01
5.305854262689899681e-01
4.935281628241939833e-01
1.313528774090739204e-01
-4.272755593617299508e-01
6.183491537885569406e-02
-5.182300434017425017e-01
-1.498099219478227218e+00
-3.709020581268433481e-01
-4.775030485246449796e-01
-6.599991108763929581e-01
-7.958022476757511954e-02
-8.828825743468726728e-01
-5.289587448155991245e-01
1.067813922761968876e-01
6.900499854569642766e-01
8.047715724218902356e-01
8.146437386937575020e-01
8.019962948834841177e-01
8.881045417167561240e-01
2.393975337356718247e-01
-9.310845070253163935e-02
1.680642719124031523e-04
-3.934099615661092453e-01
-2.304320673878163250e-01
3.942389563920527945e-02
2.307562263887497078e-01
1.212720629018954888e-01
-4.456113480930099513e-01
-6.089554503493627841e-02
-1.856400911057645819e+00
-2.833250206517929026e+00
-2.738828608559304989e+00
-2.683078195528231902e+00
-2.648995242070034450e+00
