2.906220316376972312e-01
2.910220997571563162e-01
6.404592288866031713e-02
2.508431981538778444e-01
2.650119168446042894e-01
1.636908661510258767e-01
1.220654908479134812e-02
1.526046421420290504e-02
5.824520796547535961e-02
3.921129341717886074e-01
-4.988772451209791958e-01
-5.665331485692882696e-01
-9.067400811622047807e-02
8.796899553669533132e-04
-6.932385436202880002e-02
2.906638032763642077e-01
4.055960940085461264e-01
4.016850178389920201e-01
4.659218611548326949e-01
5.273598251450396512e-01
5.536247458791859755e-01
5.730494991009639216e-01
7.788653678448557161e-01
7.318225779547569143e-01
6.949069174726436593e-01
6.625710701039515538e-01
7.831634912761541445e-01
4.429951092856698747e-01
5.776729692910296254e-01
2.314956178139331855e-01
1.734485207052003930e-01
4.164619652324165200e-01
3.388116230666202711e-01
3.535060421106847039e-01
5.375983452143265895e-01
4.204802983801964045e-01
5.187394304414497670e-01
4.350032111134439772e-01
3.650081851626423290e-01
4.370116905351776326e-01
5.184552536442832427e-01
6.418124737994548301e-01
6.035797684485062486e-01
3.497763970528828814e-01
3.075380989733160764e-01
7.311694764311939786e-03
4.690479321337093777e-01
4.826282522028858546e-01
6.030726198861777743e-01
2.706391910344777552e-01
1.639300868244460974e-01
2.762707436942935524e-01
-1.339994361592742877e-01
5.448579811087478353e-01
4.179591862446983552e-01
4.315733674965472888e-01
5.398623381838786317e-01
1.339497865369496665e-01
5.211200113883182050e-01
4.729114046102068647e-01
6.923669469747260052e-01
7.999782049814344043e-02
9.523523969859813698e-02
2.716512212368869805e-02
3.177908395384485551e-01
1.629266459744089374e-02
2.031997586889557617e-01
-2.083685450763386182e-01
-3.959718617334651025e-01
-1.342013529721983733e-01
3.923464383312946085e-02
-1.584355954579431958e-01
-8.181973323576018087e-02
-8.804136380043342536e-02
3.248980457530731281e-01
-2.201479743495018959e-01
2.101060141362727507e-01
4.700154065620852362e-01
5.958374494857661130e-01
4.083333740895158104e-01
5.758764917557942509e-01
6.401399794772956175e-01
6.525989244662876443e-01
4.022433587413018485e-01
6.492787222819375037e-01
8.463814969750592665e-01
9.711412492839784916e-01
9.630825663295501382e-01
8.662313962289718283e-01
8.725928844014643193e-01
9.811433948016413664e-01
6.215525854141322748e-01
6.037991215612961149e-01
8.063284205453068454e-01
8.209088075863933687e-02
2.089890460212023848e-01
4.332776520379176266e-01
6.422646024930511732e-01
7.161145260545241920e-01
5.407748877461014958e-01
6.014808756781948595e-01
8.561862453719947252e-01
8.939751731311612604e-01
5.496224680691773612e-01
6.085353274302379711e-01
7.746823707674388437e-01
9.765755715350324939e-01
9.507936400303619306e-01
9.066802926925575656e-01
9.360393561546951346e-01
8.837775617064665967e-01
8.672784684538816791e-01
1.066602126207913503e+00
-1.204994418677863138e-01
-3.462281659274728529e-01
-1.504514319195460192e-01
-1.373869988883862914e-01
-1.443165327159417199e-01
-8.485194380290653204e-02
3.727821187600224156e-02
1.876897500570345045e-01
-9.419147563101139264e-02
-1.627141566078879331e-01
1.443748281376357745e-01
1.451705288950216055e-01
1.944544574507520718e-01
3.349409280329755934e-01
4.864128633609581254e-01
5.094650823990076738e-01
4.806018804479162965e-01
9.682147512284368096e-01
8.624322161005769649e-01
1.072828004668110680e+00
8.974455108691506977e-01
1.023273608582758731e+00
9.410999968887949763e-01
5.464165529996444226e-01
5.027778633310988621e-01
1.011687760137281789e+00
6.063567368827571524e-01
1.001027362843218027e+00
-8.966136674199286505e-01
-1.114774457352801562e+00
1.215320302407900538e-01
5.389441302772317588e-01
-1.028708380738150741e+00
5.599258797118683573e-01
2.173166120527548206e-01
3.533473093717219293e-01
-2.117541383923805309e+00
-2.538150146370939275e+00
-1.082890647292314767e+00
-9.555068188209466795e-01
-1.424937308008113579e+00
-1.332460475562021740e+00
-1.491718928425814994e+00
-1.394495577797277175e+00
-1.257410673922503497e+00
-1.472311065224527260e+00
-1.413155884911596827e+00
-1.860122436238777377e+00
-1.628780629835303584e+00
-3.058947569022320012e-01
-1.637112690866467657e-01
-4.211719314122702729e-02
1.814529163277379675e-01
6.013315621406658540e-01
5.070530384839385674e-01
6.475254787856011829e-01
7.960266848230270753e-01
8.821193426545086425e-01
8.286658089531371285e-01
3.654814476608180263e-01
8.574224543518965680e-01
9.855706278296115785e-01
6.688531988868926526e-01
7.760779257927468144e-01
8.767884335784628114e-01
4.538626057034520489e-01
8.620481451230755932e-01
5.541088474835735855e-01
9.319793341786801744e-01
9.441071278840293957e-01
-2.267123643126863763e-01
5.924356665787241516e-01
5.446258328208739563e-01
5.953017397535369515e-01
4.501928984174121545e-02
4.313967667244561488e-01
3.879632930489833598e-01
5.268113766573894186e-01
6.697820270229430939e-01
5.962560361531606956e-01
5.910039369537515297e-01
4.600417581972516823e-01
1.913998064188066339e-01
-1.078353618602541780e-01
1.579572640637509351e-01
-7.480300399113344323e-01
1.202081240426758207e-01
-3.774478045960875106e-01
4.824464043075629011e-02
1.274789206551713017e-01
-3.800143737397029264e-01
-2.948457247470125386e-01
-1.131138907193412896e-01
-1.174570959338915310e-01
-7.861785503998457159e-02
-3.291129729765844836e-01
1.450160105109283282e-01
-1.299887575136501550e+00
-9.174936105419223553e-01
-3.558356516034014150e-01
1.669127421943497613e-01
-1.779456371305005169e-01
3.616572275492186406e-01
2.285257815181797603e-01
2.214078656948641199e-01
3.376901577804685695e-01
4.993735662795564800e-01
5.132605457098864399e-01
8.480316223354460448e-01
-2.280815576719801008e-01
-2.399551120196473430e+00
-5.116001978597385369e-01
1.463530613042665351e-01
2.656110428863024397e-01
7.784384432790799613e-01
3.967090685983067910e-01
8.104428895419287654e-03
-1.016584003182340046e-01
-1.014914229239092913e+00
-1.923671445276739611e+00
-1.663352937336515236e+00
-1.168760901793472140e+00
-6.523757822418981833e-01
-8.994746205551652496e-01
-1.280975048115821358e-01
-2.286702081023414893e-02
1.706232903943846191e-01
2.825994948002046314e-01
3.789062015854405274e-01
-2.523219917882981722e-01
-1.210168334983409588e+00
-1.590134592745509945e+00
-1.318884468325658199e+00
-8.765342777039234479e-01
-2.304572647159625898e-01
-6.998177300320354011e-01
-5.081204143333344775e-02
3.417490499102967538e-01
4.873470418135389393e-01
3.323226883736193904e-02
3.092455894240800918e-01
-8.240397829005512431e-01
4.502646424641547351e-02
2.578999946338980109e-01
3.216456925241149012e-01
-3.969869155412528716e-01
3.323932469466772677e-02
3.118073269007635706e-01
4.820736125028126096e-01
8.255759140444045574e-01
3.330188357501999707e-01
-3.466053669615612454e-02
6.532924869427187975e-01
8.557275461219483459e-01
4.867761417984058370e-01
4.273433937751236478e-01
-4.543754013422302701e-02
4.476560486659346694e-01
-3.268760480765880994e-01
8.799631846382601624e-03
2.922877713219374993e-02
-3.725440029996520130e-01
-6.544533591565395714e-01
1.587711488171056062e-01
-4.305506253207829204e-01
-1.080023134267578344e+00
-1.093803596887707341e+00
-3.315570774613782468e-01
-1.027826528548103635e+00
-8.495583476291189706e-01
-1.062970203227623811e+00
-5.158225995556707799e-01
-1.005637596317858984e+00
-4.572405798815366573e-01
-1.378702694094937065e-01
-1.123735574061905246e-01
-1.145788668534998944e+00
-2.499460894614691231e-01
-5.467979379379911409e-01
2.754546148755623314e-01
3.535580283861849971e-01
9.489041963714776873e-02
3.634471450960758410e-01
4.869706063044303423e-01
6.443677805004798254e-01
6.220335658646837240e-01
8.434524139912659146e-01
3.681133878738799825e-01
5.861683975470234342e-01
5.101308739393013714e-02
-6.478185093706061437e-01
-1.673478823875165444e+00
-2.216131501616052990e+00
-1.547243022561545445e+00
-2.299895510320773884e+00
-5.674652362396325200e-01
-2.446179906633646262e+00
-1.372303660532245839e+00
-6.705732724081217011e-01
-6.839554362501223395e-01
-1.847219080534770741e-01
2.422650118043520318e-01
2.730753445862899031e-01
3.862034026567906508e-01
3.680024278597277543e-01
5.122390974499709815e-01
2.833264021935291144e-01
-1.529686214116908749e-01
1.763890087464896894e-01
4.596337776659212837e-01
5.356191801497559579e-01
8.112832030401729844e-01
2.478678348009347443e-01
-1.878657547341515022e+00
-8.373793102541999822e-01
-3.604281718333075535e-01
-2.105303181281982905e+00
-3.366584061516952886e-01
-1.519063441294846162e-01
2.545576948470479883e-01
1.747555647995495953e-01
-9.271446435730677782e-02
-1.712781275007548565e-01
4.802575400862725552e-02
1.503653836257975718e-01
4.282615766161231852e-01
2.421651586965937186e-01
2.205914508145183639e-01
5.779722642879713684e-02
4.914991027911187471e-01
6.782433872029537403e-01
4.177770140366600105e-01
6.082955138867076617e-01
7.352333979458883784e-01
4.203387325729022184e-01
5.884736882965437843e-01
3.702720498881552080e-01
3.694407064599433688e-01
6.161205152146945196e-02
4.226070854289952772e-01
4.142641775277479677e-01
-6.243169040785583324e-01
-2.347797641159907744e-01
-2.525353049037902808e-01
-2.248340766859575346e-01
-6.927892137871420608e-02
6.901374853887414229e-01
7.225663719745586411e-01
-5.189103391139022747e-01
1.821392369076448303e-01
5.288813756919308329e-01
1.744947056570831101e-01
5.730234882515582440e-01
6.207084323676551607e-01
4.359562588579162234e-01
8.544219817241238690e-03
6.894420697944626530e-01
1.239010551169886565e+00
1.788447188245837205e-01
3.226976519473019334e-01
8.018007347751182623e-01
5.839418714775557184e-01
7.509966429190195747e-01
6.357537353266494717e-01
9.632646066523148365e-01
8.264678426558399460e-01
-1.353945371999840108e-02
-4.079184713194771716e-01
2.247635618092491960e-01
3.184672434566488963e-01
5.678298334800229163e-01
6.025177443113249875e-01
4.864649325710839606e-02
5.977346154157513469e-01
8.780116158419102312e-01
5.519004635469123565e-01
6.384685113846677584e-01
6.716173510840022232e-01
1.709307837238439876e-01
2.806245076077495959e-01
2.417406652716635462e-01
6.203903396262181458e-01
-8.957424479346653978e-01
-8.185128377232991914e-02
5.751083316373086785e-01
5.738192853291985696e-01
3.317163891606995652e-01
-1.192846689737232374e-01
-1.001443380933464189e+00
-2.631348178160672902e-01
1.490463579705035291e-01
5.160802670635765699e-01
-1.766493169093025506e-01
1.080864611993691132e-01
8.928730159927596166e-02
-2.135681970541518093e-01
-1.505755757419766638e+00
-1.427254352477533628e+00
-3.443178806193547548e-01
-1.509627614594231115e-01
3.802066831538760683e-01
1.418664383413892338e-01
-4.021722435852037592e-01
-5.116062185738503437e-02
2.330077567828423360e-02
-4.328591281633540899e-01
-1.640521565403338489e+00
-4.266345058286220016e-01
1.764834137416431137e-01
1.265872866162325305e-01
-1.306543568892754248e+00
-1.299159156642264001e+00
-1.537814353805384560e+00
-1.177396584975175742e+00
-5.534213915818315677e-01
-3.226015863952260143e-01
-1.131624612919942097e+00
-1.573718750813149381e+00
-1.898292009674016567e+00
-1.506136278787403970e+00
-8.516655879057801748e-01
-3.535846288415038785e-01
1.205888716239498781e-01
-6.989317982675912963e-03
3.699949257651251322e-02
-3.934416222696579535e-01
-5.571777350479202306e-01
1.219817450591556829e-01
-7.222170545367231353e-01
-6.800447916355397693e-01
-1.402651054935520614e-01
6.738963223437041163e-03
2.761602045573964825e-01
2.679828750071660548e-01
-5.422207381815410399e-01
-1.943511053316151482e-01
2.757303077840320693e-01
6.184746026589860168e-01
6.523266658256660078e-01
7.622654597419717959e-01
8.340011982637129950e-01
4.909411327471565611e-01
5.729387980967481919e-01
2.973969657557485324e-01
6.289853695551338442e-01
6.928159962898353674e-01
2.486889373254806412e-01
-1.156274139364937836e+00
-1.805363933702718304e+00
-1.374989999787666228e+00
-1.224489425537070186e+00
-1.792802611412488645e+00
-1.404611614429324806e+00
-4.799929852601536595e-01
-8.468252092965916633e-01
-6.475231518977179190e-01
-6.716349681640000346e-01
-6.866257735776150062e-01
-2.069338529115228642e+00
-9.214005899183389525e-01
-4.984864401695457969e-01
-1.806809245262752384e-01
-2.382894464217980290e-01
-1.099445371251445147e+00
-1.276085539334764096e+00
-6.616826255817531699e-01
-1.106462519705071479e+00
-8.007615344431815441e-01
-3.238398073084866602e-01
-8.322411403754127468e-01
-2.461372930898487965e+00
-1.040182523861139074e+00
1.809530312714852651e-01
4.595733264866407319e-01
1.019625699008384345e-01
-1.915769964956617610e-01
2.895072220189848777e-01
-1.973103987011729510e-01
8.367221771546345943e-02
3.589873797338756778e-01
4.451877495808661545e-01
4.890800741556052822e-01
7.917741909602473704e-01
4.526828660845558794e-01
6.943001010564896491e-01
4.193275173107405829e-01
4.903352279922010837e-01
8.097915838034126512e-01
-2.839136440332980238e-02
-1.366931160478080054e+00
-7.536474956743796083e-01
-3.857464165055300986e-01
-8.075286566301176361e-02
-1.470630454631953465e-01
-6.148949946715727144e-01
-5.075464063470722653e-01
1.128521506000688540e-01
-2.016692656435779829e-01
4.469529329941256957e-01
5.081061506281840945e-01
-3.657679508070825203e-01
4.617298281938300164e-01
5.547080503544488117e-01
8.705243599653376130e-01
1.155665761219287102e+00
9.682435948550526250e-01
7.070030508720939189e-01
6.406185577811001064e-01
6.920263110452548050e-01
3.041480495132934392e-01
-2.887416360695639339e-01
-1.732736116949044947e+00
-1.047206742920351763e+00
2.428605899823324532e-01
4.908651140893279807e-01
-1.494768810172359297e+00
-8.223166357043339980e-01
-6.360289588099212743e-01
-2.840449783548601448e-02
4.451153350047351021e-01
3.943449966537281304e-01
-1.856102317734477314e+00
-2.133556027390579146e+00
-6.106629226846940206e-01
-1.711651770574791787e+00
-8.798817315421401108e-01
-1.587954129553020843e+00
-2.373933113512112669e+00
-8.110217443049887454e-01
-6.313598455865537806e-01
-7.441745964193806628e-01
-2.631639044498410573e-01
3.008995055791202633e-01
3.663049011513397346e-01
-9.753757703392834655e-02
4.647923429680074769e-01
4.026843674348690172e-01
-1.788649110939089404e+00
-5.498712249705230981e-01
-2.663451463671928643e-01
-3.293787452370352392e-02
-5.790536190932074057e-01
-1.690677397971640517e+00
-2.365014627213553489e+00
-2.135597888812494460e+00
-1.026378134871159142e+00
-5.970199230198444118e-01
-4.298134042407180111e-01
-4.365221999449613310e-01
-2.130844335893021579e+00
-1.396826063394025930e+00
-4.208744794853488402e-01
-1.173476067230909137e-01
2.942764429475199783e-01
3.972366199671191200e-01
1.292479412982840692e-01
-1.318106025397505876e+00
-8.867084091477823726e-01
2.952323599535185139e-02
3.023692442470483632e-01
2.578603484215807318e-01
3.615950677774372179e-01
-2.668230074946282837e-01
1.379357732485528010e-01
1.663098208680011125e-01
8.364423144807098254e-02
4.499785766422852162e-02
-4.443884346133024632e-01
-7.707916308674285233e-01
-1.459493083387778389e+00
-2.252428569382338264e+00
-1.700840858631577079e+00
-9.076584404562267894e-01
-4.928781523633743999e-01
-1.294143640906826764e+00
-1.953561816550688279e+00
-1.229272243045937074e+00
-1.714536936100228504e+00
-1.784054143655831703e+00
-6.297040654321194308e-01
-1.121736558109373449e+00
-1.485882814046423084e+00
3.739683300652046211e-02
-1.183024681978003922e+00
-3.461676225531640227e-01
-3.416132360344121821e-01
-1.135425712637102791e+00
7.800539570926078026e-02
-1.810058742066548154e-01
3.508792215087324640e-01
5.329158091555677990e-01
9.140616635625441466e-01
2.223910651853698850e-01
-4.229261797990918614e-01
-1.303282850736245502e+00
-3.701268200361541583e-01
-5.088426954039131089e-02
3.069770051723467175e-01
-6.949020752199284827e-03
-4.554738166931758814e-01
-7.693861190395823169e-01
-2.277419300781587719e+00
-1.002083292150982796e+00
-1.250456609429388966e+00
-1.422738116574652434e+00
-1.040491036078764919e+00
-1.581606862713882400e+00
-2.053293945761129002e+00
-2.023268522020714055e+00
-1.443100651244849209e+00
-8.820127032774742748e-01
-7.654397675019029013e-01
-1.766431983987346355e+00
-1.092099413633283334e+00
-2.210169988985255962e+00
-1.667908922841228048e+00
-1.866011948062681336e+00
-8.401217844530148859e-01
-7.576994549331036444e-01
-7.544856124363797933e-01
-8.215958181846272357e-01
-1.399291777250666557e+00
-3.242773026557986826e-01
1.523397534646269702e-01
3.025569692562479207e-01
4.854384286815788263e-01
3.835128391153412308e-01
4.248052910056601683e-01
3.658199179931858613e-01
2.383786421935354394e-01
3.888619324594955184e-01
-3.372909071657176350e-01
-2.144983847989217818e+00
-1.822259411619965741e+00
-1.077518960466799403e+00
-1.358300456102985443e+00
-9.292962736251652034e-01
-8.148841738709976523e-01
-4.083766775310578301e-01
-1.305018670894760646e+00
-9.943881119870762175e-01
-9.426548361727371539e-01
-1.440083947439274592e+00
-2.177457815095848126e+00
-1.973095377994332988e+00
-1.462847866534780827e+00
-3.349400888874539683e-01
-3.285094866405211533e-01
2.834390036924608891e-01
-1.277007310111758810e-02
4.068234575973228573e-01
3.818958440123138565e-01
-8.089020222467356858e-01
7.542401824507892483e-02
6.911380859498517104e-02
3.099898225965691534e-01
1.562829323366608514e-01
5.037833138672270783e-01
2.469088432844201292e-02
3.795192845934427517e-01
5.231594476630508916e-01
2.934962563759828044e-03
2.860650632956873163e-01
3.983910768651861556e-01
4.276747939763055895e-01
-5.956694813265283051e-01
-1.331586333268174605e-01
2.674220194155764174e-01
3.759194279248082582e-01
4.495710168236123350e-01
4.590437089093261092e-01
7.238631968545138073e-02
-5.311890754629329525e-02
-4.051567352282031687e-01
4.333643574193526277e-02
1.424740789993172441e-01
-2.186517707311040615e-01
3.307075828283891905e-01
3.380585653094335674e-01
-4.811076571387447043e-01
-5.149020982731844498e-01
-1.770116383057791065e+00
-3.290960118174984794e-02
-5.776649027347292575e-01
1.549678159294710089e-01
1.275866201839294667e-01
1.402870527585630134e-01
-6.598289196688916780e-01
-2.970943683987955497e-01
-7.963943207396759760e-01
-1.661597441807329545e-01
-3.565732361572953590e-01
-3.270206943483266321e-02
2.952031956485955400e-01
4.987086724112120284e-01
4.548783330063511654e-01
4.505478500495800342e-01
4.454901874218925029e-01
1.889576354109082645e-01
2.378154807261189385e-01
3.361670821755360222e-02
3.387021878664155938e-01
2.801068628887825041e-01
6.106231109540041224e-01
2.003846410307519033e-01
-1.376497497616301080e-01
1.968286939272310687e-01
4.261129211853273979e-01
2.128774033693220658e-01
2.317853511932151944e-01
5.735448276100305054e-02
4.758087185733592683e-01
-1.314163299409256136e-01
1.449175171566033649e-01
2.459072779246220808e-01
2.236322409541418310e-01
-1.055222579647697279e+00
-1.073918864687084529e-01
-3.119445230107635303e-01
1.847995882469199436e-01
3.967310331720507594e-02
1.832342857257970026e-01
-4.234438380577145583e-02
1.467575786089767298e-01
1.121553690315402613e-01
-1.205797310910797088e-01
-3.741049691511095232e-01
-3.296844359783479561e-01
-1.329079232463043159e+00
-2.121237598992595230e-02
3.910760718439990069e-01
3.736436116921937334e-01
-3.199319385475878352e-01
-4.081578359685287261e-01
-7.411790805536048188e-01
-2.059032208677745168e-01
-6.588193991525702342e-02
2.459581930529832206e-01
-8.765846835583229746e-02
2.124095684324305289e-01
-5.884205476018705694e-01
-2.037263937176616135e+00
-1.620808877013245830e+00
-6.040206595262472833e-01
1.131170154203336858e-01
3.461778543783430862e-02
2.672841217677861536e-01
2.004238152443104659e-01
8.488850602088333225e-04
-1.162496351572783887e-01
5.125286674179951180e-02
1.282476422209952449e-01
1.944192635610913489e-01
-4.451368142870915645e-01
-1.047446460226868270e+00
-3.601699955760525595e-01
-1.337943849807037011e-01
-2.027442342587960911e-01
8.667259670513954850e-02
-1.096612762894520199e-01
1.638219174241184739e-01
-2.015478451185266986e-02
-2.470305729570247522e+00
-1.941808711760131256e+00
-1.557163233542122605e+00
-5.234353971591193533e-01
-1.827724158638035223e-01
-2.944993300750196052e-01
3.285668974429191147e-01
4.270764028638773802e-01
4.059631224872891631e-01
2.175098573041623073e-01
-7.489147698680093113e-02
-5.717758766038680829e-01
-1.386825291472852939e-01
-8.469807716559164534e-01
-1.568079396212903598e+00
-9.993756183726717479e-01
-1.400208219871577286e+00
-1.322479360238557833e+00
-8.874150081804702550e-01
-1.805215739360025218e+00
-1.620197698897214211e+00
-1.169097626624198361e+00
-2.050863318873878516e+00
-1.644332168756403645e+00
-5.165970148533574058e-01
8.593458053315991552e-02
2.370382355129001528e-01
3.413449381258782944e-01
2.537457900213923589e-01
2.572398327600117218e-01
-7.972528011078646726e-01
-6.543945624775048264e-01
5.625262848683460631e-02
-1.590361579618506660e-01
-2.939924969422635370e-01
-1.290799349171966703e+00
-1.284535009642513215e+00
-2.019098104780532310e-01
2.699750302649037148e-01
4.899466022164387091e-01
5.026236927525038478e-01
3.121717750217243292e-01
4.644959604147914090e-01
6.455502082773471040e-01
8.614429289295614245e-01
5.762126807257171857e-01
3.118907384738791588e-01
5.448816019640029262e-01
6.103091602459806975e-01
5.962079402539376405e-01
2.201742079771230008e-04
4.378786663129932144e-01
5.048974863071635788e-01
4.075190783436760666e-01
3.805266851659840910e-01
3.045006327505558885e-01
3.359096629487922092e-01
4.275341497318240203e-01
5.022779369865899568e-01
2.459097385030076244e-01
5.728582306738515539e-01
1.789919018142056058e-03
2.890345620121792525e-01
3.209826267628231866e-01
5.942897372552956303e-02
3.434413519386419478e-01
5.044679857018246061e-01
4.348652475847508692e-01
1.125552518592078804e-01
-3.788551804600209238e-01
-1.637460413472986986e-01
-4.712436895387276947e-01
-9.921829107141241222e-01
-1.952455877774918136e+00
-1.479393545795467446e+00
-7.902396140660208346e-01
-1.192683363982980360e+00
-2.409142715196704199e+00
-9.368648847430838256e-01
1.250107468697112256e-01
-1.671885067944160752e-02
2.040809241196266388e-01
3.320541731341101199e-01
2.315891672930353584e-01
3.028354919412903357e-01
-1.111645800740792334e+00
-8.088403215754428333e-01
-1.967931708018034742e-01
-2.194212877485370028e-01
5.265260618898546033e-03
4.745253727700893265e-02
-7.558834605942043039e-01
-8.618942688472051861e-02
-7.438498670391840983e-03
-7.954894809604476924e-01
-2.108157852754556583e+00
-9.039125757675626760e-01
1.864987119552279360e-01
1.242886425926519461e-01
1.518784760727953098e-01
6.598814722589561033e-01
6.195747909954339994e-01
1.517896366436747614e-03
-1.568261143488151932e+00
-6.828759790756738779e-01
-2.647591552969021378e-01
-1.136449538434630258e+00
-3.179879697252545601e-01
2.242272226777399652e-02
-2.783497511242341224e-02
1.604442294636762301e-01
3.185907772443984931e-01
2.238129561500263043e-01
4.109882947016546551e-01
3.973039470160382169e-01
5.652078724122713282e-01
-4.227092971072020366e-02
4.010486979013184738e-01
5.367036253997655576e-02
1.424139811376738396e-01
-1.414456022169871541e-01
2.621362416246120763e-01
-1.344285109155357073e-02
-1.250250247148438243e+00
-1.881015013858553298e+00
-2.196511556905096363e+00
-7.300597942368977078e-01
-1.204342316232478227e+00
1.075818730892784819e-01
-3.813666880016558514e-01
1.161138366370457198e-01
-1.455777130413518985e-02
1.010045260444947801e-01
-3.501080431784803909e-02
9.789688534881320348e-02
3.409097468830565164e-02
1.427642205878106030e-01
-9.915374031879659045e-01
-2.066749777952794354e-01
-3.191763524162666843e-01
-4.719498428984242322e-01
-2.271012475814918385e+00
-9.005160979396247267e-01
-2.885692375609182903e-01
-4.989093300970137701e-01
-3.266844793011647319e-01
-1.576946438012065244e+00
-1.746510109770328389e+00
-1.339933706215812315e+00
-2.005753396637806607e-01
-1.739001210444970913e-01
-8.881239893968018162e-02
8.801791953292363579e-02
2.620113534279863154e-01
1.321117521233432790e-01
-4.402178190481183945e-02
2.807701520373655502e-01
4.394289079262695408e-01
-1.035943490231096886e+00
-4.902428195121673049e-01
2.345513023781590697e-02
3.052506553160512226e-01
3.020487697039045405e-01
-1.785206222147406874e-01
-3.264637192781087438e-01
-5.132361468186638076e-01
-2.153250239560116908e-01
-2.769364016342936718e-01
1.602542008293651732e-01
-1.762480477845820570e-01
-5.920011590714748806e-01
-2.176491700950893837e-01
-5.978034509592054790e-02
2.939894615025682167e-01
6.274510609863516164e-01
5.289745251428153994e-01
5.962958735814344324e-01
5.162122312198377250e-01
6.013785956746172667e-01
6.237458223364642507e-01
1.752150334834444712e-01
1.071658921002782844e-01
3.567493773490912345e-02
-3.824411938900099672e-01
1.088752363431153974e-01
1.220150106718044525e-01
3.816218479568320165e-01
5.844688300638543055e-01
3.327771762627959040e-01
-1.086449194340619817e+00
-1.201291983184937351e+00
-3.583967635173509469e-01
-1.179453375935748394e+00
-1.024177896383708486e+00
-3.842972303334082351e-01
-5.553239708249885220e-01
-4.539838922560482937e-01
3.591973758047880584e-03
-3.643781987078969359e-02
1.341404966415616351e-01
-4.217809349698847798e-01
-3.793912022869696532e-01
2.761042983868322587e-01
-5.470692911477312848e-01
-2.103530589777747650e+00
-1.579549682944557443e+00
-1.030833457544482884e-01
3.139976461763566151e-01
2.987473664678356178e-01
2.401430135237761498e-01
4.538562833342492109e-01
5.417042309866816341e-01
5.509907395986340939e-01
-3.336781218769190316e-01
-9.167420442126391622e-01
-1.478939111163555531e-01
2.306201572027783142e-01
5.096911552413418978e-02
1.536289241398735780e-02
-4.777851056640479710e-01
-2.713903708331462106e-01
-2.197791816938385601e-01
3.669133325025012438e-01
4.393084666704752950e-01
1.890800342634534614e-01
4.317034437975809102e-01
4.129717057470672081e-01
4.931417195441645807e-01
-8.274918921610792399e-02
-1.284109270403687442e-01
-2.670502256858613421e-01
2.012582207712562687e-01
3.321641454586349296e-01
5.434543183550898798e-02
4.681160876237895341e-01
6.513124926922218838e-02
6.468484383864906428e-01
5.861807245627664864e-01
8.211110230835941826e-01
8.004274610933235223e-01
6.852691144683422664e-01
8.267843400688758004e-01
-6.042864426849905435e-01
4.250164277839751925e-01
6.363591099855621103e-01
4.938053263246341973e-01
3.453310602962172959e-02
1.387544147766641978e-01
4.552788766021086397e-01
1.275905733504580086e-01
-8.001684537957375054e-02
-1.411821349381333912e-01
2.843341770222626019e-01
-1.917810036579968402e+00
-1.191396288633145062e+00
-3.915210831550035575e-01
-2.735962085617881234e-01
1.119046391909854082e-01
3.367812086966726626e-01
4.890189348744420905e-01
-3.760501175612722680e-01
-2.023155343725656419e+00
-7.820985232256767450e-01
-1.286316676401159542e+00
-1.641371720200578865e+00
-6.566254125512377415e-01
3.741247254307178971e-01
6.448324019165424525e-01
4.102386641545190948e-01
3.213997897272609650e-01
-8.432785510185875077e-01
-4.118209683361637868e-02
1.818088005074334212e-01
3.643416048881277236e-01
1.732940014629568981e-01
5.193589350769470814e-01
4.771132811577415422e-01
4.215233124886043625e-01
2.534309977283755871e-02
2.121537866199593170e-01
-1.015811695216201516e+00
1.934920622570969750e-01
4.101785729144467041e-01
1.371912643587632451e-02
-7.288673888484814567e-01
2.605721361946036208e-01
3.732671841198000884e-01
2.634109070579875311e-01
-6.473412297753150524e-01
-9.315992762933167359e-01
3.844224721111160203e-01
6.281162654999481454e-01
-6.816101857776908357e-01
-4.788388994020972289e-01
2.978606631342951561e-01
4.798989308299143053e-01
4.786292662573264911e-01
4.516346030721976046e-01
-7.876776571794854576e-01
-2.992075218553394977e-01
1.092158756314844971e-02
-9.874030569499815668e-02
-1.627474843633181845e+00
-2.235920333920478342e-01
-1.092610453798043141e-01
4.663025268685741520e-01
1.020469005023922487e-01
-6.414088573536638194e-01
-4.653957843778082637e-01
2.844219666895535584e-02
4.936421895346391198e-01
6.997170570672478496e-01
5.085762826418990246e-01
5.657490835700763609e-01
1.181737921242662193e+00
-2.029645909565281903e-01
4.547327585755155388e-01
-7.222243334884093091e-01
7.694270356913794628e-02
-1.365397964622618865e-01
6.263823662761373035e-01
4.791164405753925992e-01
-4.482737360380258940e-01
1.393900437062973452e-01
2.572255994189041051e-01
1.165663796903248783e-01
3.367441857388006055e-01
-6.255127518746862736e-02
6.686164337943762970e-01
9.466650763834661975e-01
3.719825188511408087e-02
-3.931310061786510435e-01
-1.146595127013780191e+00
-8.775767252593574819e-01
-5.517975762838630560e-01
-7.269502190284247156e-01
-1.250395814204467992e-01
5.266324529242266683e-02
2.748431018976398854e-01
4.402021969461890061e-01
4.883548827523162550e-02
-2.061785127693307462e-01
3.033294906693118631e-01
3.483667456081181446e-01
-1.268702791221248127e-01
4.447565560016812913e-01
-6.158825260569938953e-02
5.900211258742666942e-01
2.158172767593207197e-01
4.657461527654449540e-01
-2.123647502437505385e-01
-3.972257180786366582e-01
1.797292883678214825e-01
6.141484772256776414e-02
3.105378785410689568e-01
-9.508765561026946700e-02
-1.837229281227264754e-01
-3.751841808012225388e-02
2.906931926528211196e-01
4.214403294197264782e-01
5.738879152891662727e-01
4.482944354432079059e-01
3.738209515891383061e-01
5.675482979722074051e-01
6.546183969356330623e-01
9.449647930411746444e-01
4.076977433763514513e-01
5.058825106690867379e-01
-1.697234315678298966e+00
2.916079420772007408e-02
-9.933002510102287852e-01
-6.683916863226924132e-02
2.468161251688088531e-01
4.743492603731226387e-01
-2.783177084242260957e-01
-6.640068372179783740e-01
-6.469167279782948032e-01
-6.111177278932756751e-01
9.803233300121330651e-02
-1.201886865942845967e-01
1.142194916957582768e-01
2.572033116988445833e-01
-1.689212051034457707e-01
-3.490342314754810160e-01
-2.328346802508406491e-02
6.065860411085269299e-02
6.098022051004874100e-02
2.970509250762854991e-01
3.508449812545139102e-01
1.045319194869129387e+00
1.088133792431953184e+00
1.032416396982924089e+00
8.413766584598105780e-01
-1.230754640655119525e-01
-1.786007835065641092e-01
-1.991853623329999656e-01
-3.794012161301368175e-02
-1.024312976292284377e-01
3.917851895746065072e-01
5.522668107964365802e-01
8.822172512965599234e-01
1.031939981796214045e+00
9.049911144171780553e-01
1.007141673001536786e+00
5.899978825794782722e-01
6.775919295526039443e-01
5.976833851837369815e-01
6.517281943325530236e-01
2.539373773953462754e-01
6.244558172059694323e-01
2.320120314286320262e-01
5.305125408116363461e-01
4.209833025157317943e-01
-5.071567848107051413e-01
-6.247091317392518273e-02
-1.339317799171559596e-02
-1.394286714309169450e-01
-4.432797163281285147e-01
-2.034605296805256369e-01
-1.223603535879328741e-01
-4.198427702255300709e-01
-1.929330849419704230e-01
1.590722890376547183e-01
1.195546432252722335e-01
1.014560434896887992e-01
-4.319780875892487160e-02
-1.289038633641448328e-01
-1.686525918674009611e-02
-3.108832693615009024e-01
-6.575232527782892689e-01
-1.198771386059162669e+00
-1.087285372075551093e+00
-6.791704326500804800e-01
-4.978205652773335932e-01
-4.726731301776108674e-01
-3.141730781352903845e-01
-2.624312248010000070e-01
-1.425356619809903802e-01
2.321956821127230466e-02
1.528270847354780415e-01
2.749720756200541016e-01
1.746836558454218369e-01
2.656529564909164698e-01
1.078369722599754194e-01
-5.459011082149493183e-02
-2.550360436477616677e-01
1.032207628868268418e-01
-4.435392017135477705e-01
3.751068117007163583e-01
4.404675875736649981e-01
5.588662409564104649e-01
5.344455378611490115e-01
5.483661332504782271e-01
3.424123019317920624e-01
4.691059560604080581e-01
4.802738626335635308e-01
6.716485233447394565e-01
6.603349225368638775e-01
3.382854186859005630e-01
4.022949164629478491e-01
2.221184834019217513e-01
1.285026379577839661e-01
-6.191146980579836923e-02
-1.015460460085568506e-01
1.204376485721973117e-01
-8.948145639639281876e-03
6.401182670827773591e-02
2.803512276552478921e-01
-4.720974694401283145e-01
-5.547390317952050065e-01
-7.564518122819741119e-01
-1.232344301726329805e+00
-1.088465967131519330e+00
-1.803458592315587028e+00
-1.718174576283578947e+00
-4.472566757549523708e-01
1.751872158538491098e-01
1.894713957404944860e-01
3.412661063742226109e-01
3.342060158144132265e-01
1.857382700841902490e-01
6.048437592789128736e-01
7.164744702484078243e-01
4.910742555474115756e-01
2.496605816423948243e-01
4.786358406228382600e-01
9.252010742707035551e-02
3.550008995874531781e-01
-2.905611600817865556e-02
6.710325077215570366e-02
4.856129819535208725e-01
3.114013189849118013e-01
6.823396699309039470e-02
-1.957811073966990167e-01
2.548307696554823545e-02
2.096401708162412003e-01
4.869587268997014329e-01
5.143347690528492500e-01
6.365620347342899610e-01
5.151231233294065737e-01
5.084348737339837720e-01
4.196884057055705330e-01
5.622213234636800339e-01
4.457790187252794745e-01
1.819176090420932257e-01
-1.890944456617233982e+00
-1.982680893797337918e+00
-1.445676517574345565e+00
-1.943485050690046290e+00
-1.920472646092816316e+00
-1.958026571258598914e+00
-1.734684013841737649e+00
-1.839781140657244629e+00
-1.920697818549035540e+00
-1.764400414591230648e+00
-1.839532045290413587e+00
-1.970561362576200848e+00
-2.019351654597552503e+00
-1.650828235405789268e+00
-2.027277380213446278e+00
-1.936370537181926865e+00
-2.129118217440029603e+00
-2.199228230468400103e+00
-2.287596527530396440e+00
-2.220338805459622478e+00
-1.950929066477615326e+00
-2.086693714368759611e+00
-2.061359560625525056e+00
-1.834082074839639587e+00
-1.890618706582913866e+00
-1.926989936934648151e+00
-1.701603396901291143e+00
-1.977095181065743335e+00
-1.948965519750342379e+00
-2.058178590213993076e+00
-1.953294423275210523e+00
-2.131797304840529872e+00
-2.144483609570144278e+00
-1.882747238807018109e+00
-1.890578713666431820e+00
-1.849970493816754935e+00
-1.796127450642661438e+00
-1.865136965766365451e+00
-1.922936431294718584e+00
-1.756670847036687411e+00
-1.614384990204880133e+00
-1.717492146170275236e+00
-1.903991353118296814e+00
-1.882839842893117455e+00
-1.870775230146802581e+00
-1.874049040784194986e+00
-1.679891794542703654e+00
-1.728700587386276855e+00
-1.735421743871943479e+00
-1.694393242191802429e+00
-1.857294314644539535e+00
-1.918585316880440317e+00
-1.857741199190442227e+00
-1.746978503090578672e+00
-2.098459413186491762e+00
-1.886837730923671241e+00
-1.762417045225812551e+00
-1.804565083780031332e+00
-1.700610698602530668e+00
-1.660332183983608934e+00
-1.884527148024088383e+00
-1.736327858133180913e+00
-1.943679395121632680e+00
-1.858841619448716065e+00
-1.698867303633724513e+00
-1.694538221708763226e+00
-2.095329717191069197e+00
-1.700746691708833414e+00
-1.673086092837202221e+00
-1.801408739852875973e+00
-1.715979182638030620e+00
-1.937143876152270794e+00
-2.115679765797942036e+00
-2.150264622498701428e+00
-1.849326253864847835e+00
-1.751810858621252187e+00
-1.348570942192771183e+00
-1.639641458935121809e+00
-1.715275117716513531e+00
-1.722842707637954662e+00
-1.860567596559542514e+00
-1.753607512215385134e+00
-1.702182177308427580e+00
-1.882751984461795702e+00
-1.875631265068671283e+00
-1.752544349953691682e+00
-1.936626867161308940e+00
-1.695125769303745145e+00
-1.628229856060586567e+00
-1.876391135255533360e+00
-2.036655916073907058e+00
-1.794133827531147141e+00
-1.902748345920182382e+00
-1.774843197343650258e+00
-1.939327346209721137e+00
-1.781194732097383771e+00
-1.827349884299448890e+00
-1.728576095209691132e+00
-1.972163653579970033e+00
-1.730014546306035905e+00
-1.716115483543880771e+00
-1.735753022724946248e+00
-1.769769701987917276e+00
-1.991805101901484409e+00
-2.272691809907984251e+00
-2.347457340640479284e+00
-2.559985530488692707e+00
-1.934691823314728776e+00
-1.934126472563499455e+00
-1.838615485552303808e+00
-1.898717737927779314e+00
-1.731889697365664116e+00
-2.061801297264800326e+00
-2.302394859132088190e+00
-2.252789010971897987e+00
-2.354278308534117681e+00
-1.961011053566336315e+00
-1.893565119447267131e+00
-2.063906066318151211e+00
-1.788865092910594479e+00
-1.814719143435283844e+00
-1.964176400814416246e+00
-1.837265893434989028e+00
-1.876424842668623194e+00
-1.743436823137289871e+00
-1.878903482113554846e+00
-2.025702822944579928e+00
-1.717991005513709757e+00
-1.867392450794562953e+00
-2.025617742794390441e+00
-1.937650871480180781e+00
-1.989078911333065580e+00
-1.934113122724822498e+00
-1.943650486397593857e+00
-2.038602347474651744e+00
-2.038157611398195623e+00
-1.903322318712127537e+00
-1.974887226399104190e+00
-2.014408893966856517e+00
-1.610278252356684314e+00
-1.491246153535664254e+00
-1.766510780062967578e+00
-1.729671282561611845e+00
-1.757043735222036496e+00
-1.700001347865353285e+00
-1.734309061329693646e+00
-1.972562498291925204e+00
-1.666026842424882304e+00
-1.798904051675450866e+00
-1.708048414311029495e+00
-1.791933710209511199e+00
-2.056529339105683807e+00
-1.762998399666253491e+00
-1.713708340330847735e+00
-1.834553205620686800e+00
-1.731177532270801178e+00
-1.850713928625722371e+00
-1.927737253240874526e+00
-1.864590138505922035e+00
-1.729108899481833772e+00
-1.730100741293380207e+00
-1.295153765573605398e+00
-1.970133366681600773e+00
-1.603970439282333738e+00
-1.778357424861071401e+00
-1.337517449398399894e+00
-1.834411765465042032e+00
-1.374479450575030182e+00
-2.077169276369754236e+00
-1.819508827299900933e+00
-1.699694036077745274e+00
-1.679365725177408120e+00
-1.259257455469040776e+00
-1.737747391529005148e+00
-1.727552521546992459e+00
-1.917051049823312203e+00
-1.883343885258601080e+00
-1.939059962953410876e+00
-2.074887149078005866e+00
-1.921378092454310682e+00
-2.054444325296614249e+00
-2.075900714987203077e+00
-2.083467169532841279e+00
-1.877787335131194890e+00
-2.075095985019715261e+00
-1.969413789916666824e+00
-2.131307543039413055e+00
-1.932277812509784809e+00
-1.906322687144898165e+00
-1.893547389347135512e+00
-2.065107186493889024e+00
-1.932434027029982682e+00
-2.153164780847285797e+00
-1.965954621169880401e+00
-1.922308458599488068e+00
-1.935865859669670952e+00
-1.938435959359233740e+00
-1.768031562518922017e+00
-2.054090400731641619e+00
-1.792140464413137346e+00
-1.812831120295413712e+00
-1.756735696908286348e+00
-1.914728102686777289e+00
-1.955001280540605624e+00
-1.963835214850336852e+00
-1.921322746404127590e+00
-1.959423422585502728e+00
-2.108241878325029184e+00
-1.957714229565520103e+00
-1.763316372594866843e+00
-1.882654397223584297e+00
-1.945935237486202896e+00
-1.985318755838476612e+00
-2.096154746188146234e+00
-2.202773470791192345e+00
-2.135861121879230939e+00
-1.951548204473160242e+00
-1.508239179280018716e+00
-2.066814449123444586e+00
-2.106780856941935731e+00
-1.983597252743712458e+00
-1.918940009586214357e+00
-1.921737117257528160e+00
-1.722732951773807253e+00
-2.029515167792112607e+00
-1.951016103734924512e+00
-1.859170833711795368e+00
-2.010264932167650898e+00
-1.855775583036109788e+00
-1.910416759443232415e+00
-1.958203546933705352e+00
-2.041035846023589340e+00
-1.920228862118549928e+00
-1.906756729515429072e+00
-2.039113620095154289e+00
-1.957820331412099879e+00
-1.989914667278154470e+00
-2.004544499340822128e+00
-2.023311283772468716e+00
-1.892730031534137325e+00
-1.958557341707900301e+00
-1.910969127519345445e+00
-1.967305956375801523e+00
-2.058980602576683694e+00
-1.943494441917601678e+00
-1.987960538919447906e+00
-1.893204151611644237e+00
-2.116334393722634211e+00
-1.984453878839188556e+00
-2.102256786116595499e+00
-2.436011819482823526e+00
-1.927496909651004398e+00
-2.094203134862887339e+00
-2.167852295967525045e+00
-1.727552521546992459e+00
-2.124775430515983388e+00
-1.968211022588330250e+00
-1.820397979090126350e+00
-2.108241878325029184e+00
-2.166290544987700351e+00
-2.132966156509775502e+00
-1.899529421694576836e+00
-2.000219547331031578e+00
-2.195921531823900708e+00
-2.412321268211648828e+00
-2.408525568181786536e+00
-2.006144917353053891e+00
-2.093465738745910354e+00
-1.823479896133842537e+00
-1.866489366669501271e+00
-1.997964417358942590e+00
-1.945654800882476554e+00
-1.787990632535539692e+00
-1.708372100748181133e+00
-1.304074387805437496e+00
-1.690184099617172420e+00
-1.296759800794581530e+00
-1.721242281107085992e+00
-1.805368738704756337e+00
-1.658143506166436909e+00
-1.892963832573444805e+00
-1.871641355255200256e+00
-1.985653807704719886e+00
-1.963707671202792326e+00
-1.994851173986770476e+00
-2.070325790876816896e+00
-1.990492932851780417e+00
-2.034229524537229938e+00
-1.940768618864985529e+00
-2.008709979155535841e+00
-2.021609937771102761e+00
-2.035213891008204268e+00
-1.833521624719717691e+00
-1.930146016432373601e+00
-1.747263964835159555e+00
-2.092632535267502814e+00
-2.231879358693113158e+00
-2.477667269237685321e+00
-2.161686281087266348e+00
-1.900774859212010837e+00
-1.945137416751362425e+00
-1.743837826753354525e+00
-1.725824385894531909e+00
-1.657560779826006359e+00
-1.350447773592134526e+00
-1.035274950954211626e+00
-7.478707355465846751e-01
-6.672478032285181770e-01
-4.686275682559394862e-01
-4.311657966418292465e-01
-4.820566902228548001e-01
-5.843249815429479854e-01
-1.455659994869893836e+00
-1.700509853844584862e+00
-2.058853923345270953e+00
-2.458921177779173739e+00
-2.074254960077501764e+00
-1.281476091032670794e+00
-1.213201277672194767e+00
-2.017668797122809110e+00
-1.361311469912983796e+00
-7.368187102095949959e-01
-6.310914066071171558e-01
-3.790343760117200200e-01
-2.411089010416055389e-01
-4.945806838285749518e-01
-2.843787908054853375e-01
-4.388920456122733516e-01
-5.893593620498317476e-01
-2.771026894837828047e-01
2.391467923415098729e-01
5.508293480554649763e-02
1.485401032452143555e-01
-1.136515274169546258e-01
-6.014858381765114670e-01
2.261969397822150563e-01
2.846840680735467366e-01
7.801979270606117511e-01
8.429454799537263732e-01
8.254705320907841370e-01
5.118270805573497118e-01
8.569277695152902607e-01
9.500936668742246960e-01
8.980208157920175349e-01
1.172766801468474673e+00
1.044391130452780203e+00
7.563250101958706173e-01
1.209864286861751070e+00
1.043201331404014498e+00
1.097874944689124499e+00
1.029472031495265893e+00
1.266075411742170420e+00
1.287301910873820621e+00
1.299419494482223936e+00
1.586441106494001607e+00
1.516358912073146659e+00
1.347822614323459955e+00
1.535073102604531003e+00
1.343721315015238504e+00
9.542444836275332243e-01
9.683656881214816048e-01
1.043446263649556061e+00
1.169954068201484398e+00
1.035860359698906219e+00
1.372402866873464911e+00
1.244093166745757761e+00
1.655393326341201066e+00
1.277206650876496319e+00
1.072610686172398742e+00
1.537328417846542672e-01
-1.330766815728784858e+00
-2.160711104520227632e+00
-1.528585261863266265e+00
-2.131039600160781422e+00
-1.858428954016049461e+00
-1.138832033028635671e+00
-2.908481837394664149e-01
-4.481006250272709379e-01
-1.515392942550807531e-01
8.611325909214649632e-02
2.353525785058154518e-01
3.694393283190640642e-01
-2.205765245992848955e-01
1.029934679604527920e-01
-3.019046824672957929e-01
8.517753735480802779e-02
2.969770064139901633e-01
-4.659186094335185935e-01
-9.053359263341625995e-01
-2.455845492243203532e-01
5.159418032040122837e-01
5.272980201812098588e-01
2.613945198278823101e-01
4.660929336783555810e-01
4.142535835498359909e-01
8.381931397450550492e-01
8.150089115646186322e-01
1.105969525700596590e+00
1.168402993344812568e+00
6.187877595714496026e-01
9.842873819646217326e-01
1.300282092797419908e+00
1.220550060545645188e+00
8.974023179983201537e-01
8.516152137348357298e-01
9.082287120820001780e-01
8.894694994236183039e-01
9.692225567244654449e-01
1.000131639935266881e+00
1.001130553795420486e+00
1.025998105446576103e+00
1.075579608007608101e+00
1.194092209837082530e+00
1.165761380319790375e+00
8.419163953994670546e-01
9.880981499944830881e-01
7.838212807003914762e-01
-7.958933131479141165e-01
-9.618271117570046380e-01
-6.430593675932865239e-01
-1.727600550362512755e-01
-6.289345889138699963e-01
-1.292194007997297944e-01
2.962532796260888834e-02
9.088443145059177386e-02
8.505622990304757547e-01
6.224917991561442765e-01
8.394307276438444099e-01
1.305702034511630361e+00
1.323167054396649833e+00
7.770327610212681702e-01
7.228951549839551793e-01
5.050463281227167700e-01
-6.322409796602946885e-01
-8.581297172276662888e-01
-2.256020270055437926e+00
-2.221654939444853039e+00
-1.278834159310974883e+00
-2.142385370392489108e+00
-2.158316361552645724e+00
-1.683521745765006461e+00
-7.909460073900799193e-01
-1.416839464098314183e+00
-1.907227320115360447e+00
-1.767769242476076919e+00
-9.968175202424808257e-01
-6.340357583178185541e-01
-1.241113179421786950e-01
-2.460125105917419785e-01
-3.320734789107671614e-01
-6.878955403975410832e-01
-6.834894134093334461e-01
-2.378818085550022110e-01
5.000549772779043778e-01
7.553195379668312670e-01
7.439162585783924975e-01
7.296936546757114561e-01
7.439651764358027330e-01
7.648431759126635976e-01
8.295896036887620006e-01
2.922884103422756508e-01
5.376222415976245061e-01
-2.709518798889577404e-02
3.842766733139365565e-01
5.489862961454294865e-01
2.597435437211841891e-01
6.929950999904175291e-01
6.222257012156804379e-01
7.998251570984251657e-01
2.509782988505322443e-01
7.949525898696735426e-01
6.360201426440340589e-01
7.167617567933253220e-01
4.523886840960663625e-01
4.544341377259966119e-01
1.611472741706826417e-01
3.164138504872138213e-01
2.291382403771849430e-01
-1.685935318725126253e+00
-1.040562032281645122e+00
-1.484297640560986897e+00
-2.191680263009962992e+00
-1.683389540922724636e+00
-9.191758177206318381e-01
-5.914877950422272601e-01
-2.404847754433053098e+00
-9.099141935908636736e-01
-1.080260391369532114e+00
-1.854858385905334472e+00
-5.661056413646204932e-01
-4.711259221409341835e-01
-3.961159265208424318e-01
-4.682178942703251190e-01
-1.016480742923457914e+00
-6.964801025279506730e-01
-2.928526336779893602e-01
-7.497217303108706377e-01
-9.170682734819114446e-01
-1.551861028618236604e+00
-1.673678532454336843e+00
-1.557013422926316615e+00
-8.838283318082403861e-01
-1.970917729637472693e+00
-1.054377683954041744e+00
-1.701188925036235533e+00
-1.659947911942964538e+00
-2.013592468703550020e-01
9.427044682629139860e-01
8.673514494544567466e-01
1.037186194434839948e+00
8.355274653419456632e-01
7.526587221299823049e-01
-3.821938814830807551e-01
-9.956735501694429225e-01
-6.632457262837879730e-01
3.625643801590297532e-01
6.994967674262545509e-01
6.527210841782331574e-01
-1.442499546027034008e+00
-1.142093554942654604e-01
3.938535746109380620e-01
4.924345045394292741e-01
9.295996388425910029e-01
9.823283670599823880e-01
9.534396710792366614e-01
9.147233818756536072e-01
8.518340494169953647e-01
8.674702474529015772e-01
7.757809200090244328e-01
9.359610566033509382e-01
7.852640770593499742e-01
6.445057568896579436e-01
-5.988735680998407140e-01
-1.470220197480598956e-01
4.681946141718193455e-01
7.284189481984237879e-01
6.151360129076739458e-01
-3.929868324777877620e-01
-2.414969714933217659e+00
-2.001558122078577640e+00
-1.976428199671335317e+00
-1.231497575462693783e+00
-1.079178608819182150e+00
-2.348559463809331005e-01
-1.219766642524224620e+00
-6.856721257813237491e-01
-7.059453947703111520e-01
-4.420654557444896327e-01
-9.760039360963415067e-01
-6.801062107513269894e-02
1.419782927451330168e-01
-2.650369835606042335e-02
4.718789090162694433e-01
5.985058871826098859e-01
6.026173475839521343e-01
6.033648540589919840e-01
3.468029554402513592e-01
-1.168189986908582334e+00
-2.720432078958611583e-02
-1.531868142616009676e+00
-1.991544420550012795e+00
-2.234276270473840587e+00
-6.488591795788340999e-01
-1.925470320006507530e+00
-3.474003696876182823e-01
7.079260881910889314e-01
8.336096818704042954e-01
7.730911595740869169e-01
5.184442098789132647e-01
6.884004167333409585e-01
-2.613990975215101931e-01
6.315967202639090061e-01
7.309967963681324177e-01
3.718288069598824075e-01
-8.045990808927444560e-01
-6.736059388532870118e-01
2.530492327847807532e-01
-3.116054800572738981e-01
-1.994999819742477642e+00
-7.920766635498529551e-01
-1.309957062570498820e+00
-2.752498757863635070e-01
3.848798459839826158e-01
1.019125339824343168e+00
8.003538649654267090e-01
3.413820120526991353e-01
-9.442515763369170312e-01
-1.881613821309631174e-01
4.096249143774989832e-01
-8.850992920906327124e-03
-2.062541047756043522e+00
-4.192808815386839250e-01
-2.233324501145318997e-01
-9.773874287275353678e-01
3.398846225798969334e-01
1.519451597175573709e-01
-1.031851975002896271e+00
-1.775768023809055185e+00
-2.393889903478599646e+00
-1.849322265838123647e+00
-1.358329298241692129e+00
-7.806361812754858409e-01
-1.541740186014156855e+00
-7.164404311145515791e-01
-6.946721570974055959e-01
-7.665433970666465369e-01
-6.662813608839571744e-01
-6.277388402935043521e-01
-1.140472251777518098e+00
-6.113595311031324586e-01
-4.980101423671332572e-01
-1.435417489641466378e-02
-9.401160284449448790e-02
-8.006496663548186288e-02
-5.727880913423956111e-01
-2.982437330035395684e-01
-5.601243289637665157e-01
-1.662287603182194262e+00
-5.625579358273099517e-01
-7.044902775755786939e-01
-8.046471541503048552e-01
-5.230924614322078892e-01
-7.684325457411549376e-01
-8.231845981004698443e-01
-4.835141312247511758e-01
2.650241899956497504e-01
7.709501730202299452e-01
6.865484939864573422e-01
4.674212482163247473e-01
6.281262123483457582e-01
2.293160093465238664e-02
-3.009991807246907847e-01
-2.137003449785073450e-01
-7.729839509404123898e-01
-5.848206128647377433e-01
-6.446620289266341564e-02
1.290017818168487373e-01
5.400962188366950634e-02
-4.132155661562483262e-01
-5.031615248832945753e-01
-1.496503102003715835e+00
-1.983925879083430210e+00
-1.918286749551112891e+00
-2.040023966967242419e+00
-1.788743949878178974e+00
