1.822969380667984751e-01
2.165736848143309246e-01
-1.679779578459763556e-01
-3.990555768044945495e-02
2.064586018252096977e-01
7.199171275467763920e-02
-2.460769127502366871e-01
4.567334887249030473e-02
-2.135371949570510353e-01
2.128050445338418584e-01
-7.263847466445636503e-01
-6.641404010128912905e-01
-3.571557441181827386e-01
6.609853523732267533e-02
-2.333673270504901254e-01
-6.036219535776110590e-02
1.800427688418424488e-01
2.499248744787410104e-01
2.708101649362157914e-01
6.972735691051110685e-01
6.831520728660254171e-01
6.310648735370474327e-01
9.091414330113343212e-01
9.356517138216018381e-01
8.905114521817973916e-01
7.631730825911549054e-01
9.248230449091487948e-01
4.666319118260924270e-01
2.823397322408478516e-01
1.582140264286477915e-01
2.114633724211234522e-01
5.728436864126051908e-01
4.259332558207664654e-01
5.149067135463445410e-01
4.273967545415744418e-01
2.165173892475311668e-01
5.783873348357433386e-01
4.328206440418700396e-01
3.617962862118124789e-01
4.903902418199770352e-01
6.467904225927636475e-01
9.493961968762687498e-01
6.098345448953250703e-01
2.626636777976312231e-01
2.508579129197596735e-01
-5.573300920201695874e-03
4.349639407837395666e-01
6.231096416273058658e-01
5.637006884263922046e-01
4.336379113466737323e-01
2.951321833327527067e-01
2.836197075593203110e-01
-9.333704167929113282e-02
2.506178678805262017e-01
1.050800434659806548e-01
2.278163799480892315e-01
3.121354090252772551e-01
2.608508171355472527e-02
7.384994457144924418e-01
4.590639927817714572e-01
5.611586914760025024e-01
-1.245106072015711440e-01
-8.804918914224657556e-02
-1.182983452804511337e-01
1.471397462605859019e-01
-1.637475986575092080e-01
-8.122418542587039880e-02
-4.563342807371482124e-01
-7.122812635327466779e-01
-4.324067844248267178e-01
-1.295989091543523486e-01
-6.421749386180559682e-01
-2.070087093422916524e-01
-1.602624610226617285e-01
3.821159617461233893e-01
-3.465288995273438921e-01
8.039200569572058086e-02
4.694698101903340692e-01
8.123079749577044595e-01
5.489444586949225879e-01
6.341001745138981072e-01
7.917312833668592731e-01
9.232596583130638912e-01
4.933516464910865373e-01
8.706343501108646521e-01
1.028986495772910459e+00
1.196289109421663444e+00
1.191698032068964519e+00
1.122625233871116901e+00
1.188057625064780520e+00
1.217404342067979872e+00
1.024905378001882639e+00
7.789225574789235829e-01
7.812159881351199431e-01
1.537474092140489468e-01
2.125898473841374425e-01
5.152333381671247992e-01
6.304215511890989276e-01
7.465964884756108866e-01
5.496401578352632100e-01
6.608025729966775508e-01
6.992505420733241550e-01
8.736429398024889714e-01
5.801614545465620942e-01
7.654006438409219903e-01
1.063984249190615738e+00
1.315658087980500213e+00
1.031650009284995395e+00
1.137472693408216884e+00
8.729867586894490827e-01
8.692508596618466754e-01
7.776412577509654867e-01
9.850610304091040881e-01
-1.237630740342572366e-01
-3.983003223612988641e-01
-4.387105805718998219e-01
-4.880204900054891937e-01
-3.639552717933347559e-01
-1.646869282385257094e-01
9.716199223818522412e-02
2.869861663545254515e-01
-2.048924224920032344e-01
-3.178712136320656079e-01
1.520865017286920917e-01
8.091483982735780955e-02
1.415739135884930278e-01
5.004688794744551750e-01
6.605094807623723696e-01
9.318699006733179857e-01
5.109269918459617976e-01
1.148335337194622774e+00
1.492309944421164936e+00
1.437732085504690893e+00
1.360055791559217742e+00
1.403118472713742015e+00
1.500594685879081069e+00
8.948164919018921637e-01
8.371012704867966114e-01
1.301748849893620275e+00
7.556170992998985092e-01
9.242741278870201249e-01
-1.104365525886275234e+00
-1.365023613426242344e+00
2.181506869736602461e-01
6.570421542391655656e-01
-1.320162288727120936e+00
4.739316432689144598e-01
2.147058379297810404e-01
5.742974626682046946e-01
-1.890664535264847679e+00
-2.285796077930024151e+00
-1.376107446870750151e+00
-1.063250145853863238e+00
-1.802150816218768714e+00
-1.656930677869729029e+00
-1.997074752167277367e+00
-1.799062286046903214e+00
-1.715973900568716903e+00
-1.538893124487906272e+00
-1.530452682702767797e+00
-2.433278070049850417e+00
-1.800806064380327864e+00
-5.347315512491852552e-01
-2.905981933874013379e-02
-2.313830744565086306e-01
7.520898929836938862e-02
7.142445980165161856e-01
5.260131877470777262e-01
9.301005242978406251e-01
1.109749874985449747e+00
1.143725578177946733e+00
1.063983671174260959e+00
4.722276620449621376e-01
1.498025525342852937e+00
1.266435249225239978e+00
1.099193171410253633e+00
1.219127798559029419e+00
1.474112578412382746e+00
8.479639668636020922e-01
1.180026512657812443e+00
7.211161041465108390e-01
1.495257031801303427e+00
1.367568390227643871e+00
1.423635259400919395e-01
8.516725299689560380e-01
8.128486703005286529e-01
9.657764140037627953e-01
2.015703724852588863e-01
6.512856622339953105e-01
4.675273562238921876e-01
6.854187416131694022e-01
1.085594529600766300e+00
8.237370771226606436e-01
4.374467965118675750e-01
6.097858163047558122e-01
9.783736412353238876e-02
3.228531026659542391e-02
7.463654825450660724e-02
-1.116094627045296717e+00
-1.117296030295666931e-01
-4.126036651989264392e-01
-1.056638266236378243e-01
8.777641828480753361e-02
-3.408966472573169426e-01
-6.977340820320478976e-01
2.408668055001239594e-02
-2.953382665588435430e-01
-1.979306328262100401e-01
-5.473595019272186057e-01
-1.030143746021781492e+00
-2.120466311860778053e+00
-1.197186314684915320e+00
-3.260982104297873718e-01
7.760388612190771696e-02
-6.271766858346383700e-02
2.962226638390084155e-01
3.948380012566046204e-01
2.689067890512650827e-01
4.748032957860077730e-01
5.565604866701621134e-01
8.029148494573767891e-01
9.913750327226833470e-01
-3.885639930070547976e-01
-1.684116947814862320e+00
-7.647135384572398831e-01
5.383773501659807614e-01
2.511174999852001655e-01
1.021517875876302828e+00
6.438400512860429359e-01
5.081844611460839545e-02
-1.003970435388090721e-01
-9.489288625642073871e-01
-1.854316083369696111e+00
-1.778703585802424048e+00
-1.158933702615581485e+00
-7.053545590857965841e-01
-4.791367067113316836e-01
-1.820431591137485761e-01
-2.090736676114657300e-01
4.392343649318775078e-02
4.273737312334051630e-01
4.510463665636761377e-01
-5.672364386671042702e-01
-1.531091522891252721e+00
-1.659022464644641204e+00
-1.400459646255929336e+00
-8.747046734528720613e-01
-2.747483079074926060e-01
-7.073840052297604153e-01
-1.546818295465999249e-01
4.330318674715285532e-01
6.989748869039478230e-01
1.090339733975973502e-01
5.295532116186238980e-01
-8.177532524453892115e-01
-1.237813622987062878e-01
4.265938575952032963e-01
4.539285293274768485e-01
-4.720591580858108927e-01
3.214393048765717964e-02
2.304147515556587145e-01
3.885143392545069574e-01
1.162746482006721926e+00
4.955627221291152296e-01
2.751348703219038683e-01
1.279632313355139051e+00
1.378224148778473435e+00
6.665506420526940978e-01
5.815877660602462029e-01
-1.229892507402086110e-01
7.060957989952050262e-01
-2.906670506176545210e-01
1.695713876602358283e-01
1.008227916539459201e-01
-2.078975838187351322e-01
-5.028083532580520654e-01
7.912560543772917399e-02
-5.709969388021240988e-01
-6.231080713103014368e-01
-8.682421851280335279e-01
-3.140247362240766726e-01
-7.164778415942862910e-01
-5.926958442454866027e-01
-7.836247811302872179e-01
-4.248550458948390229e-01
-8.110778288497906274e-01
-3.078415586332292619e-01
2.938340940488748387e-02
3.310468678518940777e-02
-1.280106806791417418e+00
-2.448580444694048452e-01
-5.997480504048273708e-01
4.598256073629229945e-01
7.295016821096655946e-01
1.726315592332650084e-02
3.825908600661747094e-01
2.744709564154370618e-01
8.306619088043132315e-01
8.787541177505144852e-01
9.778103621982747740e-01
5.033570829792157753e-01
7.903624765378216566e-01
3.562846322057833248e-03
-6.729666957414932593e-01
-1.438005839332007652e+00
-2.085002878086408717e+00
-1.392198198160012224e+00
-2.055685458126396803e+00
-1.525489018810883834e-01
-2.022838517587071117e+00
-1.585886406366638690e+00
-5.363578763786951420e-01
-4.901756131260661675e-01
-1.507679223614730724e-01
2.108567397799658849e-01
1.252866976031907775e-01
4.770868816112172617e-01
5.217346387917776163e-01
4.769978972263944073e-01
3.503077485553300896e-01
-3.263534268756229650e-02
2.548460929826252830e-01
5.702639300865177674e-01
8.832381139090355049e-01
1.606397304900833767e+00
1.321414667428211231e-02
-1.898909114408863896e+00
-5.016416921354083236e-01
-2.794857154443786129e-02
-2.246389845223804471e+00
-3.307482295315091747e-01
2.314729071874497279e-01
3.077086756451099525e-01
2.925923926203366499e-01
-2.417655292808813527e-01
-2.626357353864325894e-01
-4.194006844338993290e-02
4.453752414361136225e-01
4.761049385244469079e-01
3.435383032806060832e-01
2.091058759299864178e-01
8.689155384410929273e-02
8.497528815200321439e-01
9.493770525243574454e-01
5.029173834403919408e-01
9.565467021354461252e-01
1.052865788801143676e+00
7.057912823171585970e-01
6.092392450383785629e-01
4.164017382561246983e-01
3.049997843099658823e-01
3.877069154595815803e-01
4.641832252663484759e-01
7.225372255188311499e-01
-4.995130707002437553e-01
-5.214975438575821798e-01
4.048404755157486434e-02
-7.370769380356541056e-01
-3.238416529582575087e-01
1.109649557566112055e+00
1.007838559437827186e+00
-4.873670569591936896e-01
1.876145963996842525e-01
5.725461893615544362e-01
4.361168525082952385e-01
8.907966115121475070e-01
7.806057149762217762e-01
4.692780164128866893e-01
-7.420621243655833865e-03
1.106593733228259602e+00
2.493577366535058459e+00
5.577554340976167424e-01
8.369079602699800446e-01
8.939009867616567462e-01
9.163181577302781378e-01
1.024068755300021838e+00
8.153619578201558582e-01
9.945652138399059261e-01
9.070743357764388115e-01
3.061715458861087313e-01
-2.544841030847848629e-01
2.637087702943787804e-01
6.887866358486802731e-01
7.739800393945555079e-01
7.928804329624101754e-01
1.201984348605384945e-01
7.683140197216005163e-01
1.235339399765349011e+00
6.353117519671505065e-01
8.199706062945559815e-01
8.972663706615251478e-01
3.738729493707406704e-01
6.636550504461005140e-01
5.507587754957343762e-01
7.641291189842465137e-01
-3.622911448775871790e-01
1.529593453971007655e-01
8.320716188408754377e-01
7.653475572380701308e-01
5.193079863698764065e-01
-3.241644871217674861e-02
-7.524212895210666829e-01
-1.505357964585702923e-01
1.950818802644316285e-01
8.204465965861036381e-01
-2.226740163865756905e-01
4.706615259528668105e-02
-5.744860138576335373e-03
-4.628100565380353082e-01
-1.371049208986710566e+00
-1.409155160026302811e+00
-4.100903355156844121e-01
-6.219130298170316706e-02
5.146051526109691743e-01
1.338793547480676693e-01
-4.991003635364945623e-01
-4.268895970428872033e-01
1.015825137444230641e-01
-1.118806525971463017e-01
-1.473596944792876950e+00
-4.006126930948639142e-01
1.708136465154654893e-01
8.966821885103914980e-02
-1.146971961418413510e+00
-1.223954793399671281e+00
-1.169161475161724972e+00
-1.083297104217092910e+00
-5.126781508510438456e-01
-1.053132701927437909e+00
-1.771183804926709238e+00
-1.928170796595644276e+00
-1.953568499880976139e+00
-1.619626153146457082e+00
-7.957725933468104973e-01
-4.270802320829525378e-01
-1.916614797249183155e-02
-3.110545984008097342e-01
-3.759341890593490554e-01
-1.185881618026248585e+00
-6.553366285631305743e-01
-1.049200805540140280e-02
-8.363784588139122622e-01
-6.687847496690857430e-01
-4.905148421228360256e-01
-6.558741222746711230e-02
4.865736644248914722e-01
4.575776035701473177e-03
-6.457676073357925262e-01
-3.426977399248483103e-01
8.828974632968211722e-02
5.389547512276151586e-01
4.577551605952172586e-01
5.270062423917507566e-01
6.293919808747467926e-01
6.388094481710551165e-01
6.196758931982984109e-01
2.393934746824077919e-01
6.847218395081866582e-01
5.844078903276446191e-01
3.471047740339212595e-01
-9.112161660271467234e-01
-1.607017956398422598e+00
-1.309479934654665056e+00
-1.349920762530634866e+00
-1.659636733393768937e+00
-1.189019073930977388e+00
-2.215039630064392639e-01
-9.563959179451488879e-01
-6.747234964009951597e-01
-6.648135102469658886e-01
-5.703645357619371303e-01
-2.051396232470060532e+00
-1.210991927415163705e+00
-6.338253207721062932e-01
-1.536654768169030127e-01
-2.749689529827592516e-01
-1.347526384156424895e+00
-1.484051187764800384e+00
-1.153959635686738316e+00
-1.589581546153809199e+00
-1.580827204399916086e+00
-9.486454915199968863e-01
-1.584759389904431215e+00
-1.988072051486965641e+00
-1.236263774118943726e+00
2.062480472845611423e-01
2.911289564192127699e-01
-3.158838203730285343e-02
-2.056694365451972040e-01
2.617332247669841294e-01
-1.494288211693901580e-01
-5.994955694353398812e-02
4.747163921726045288e-01
5.668122346563633229e-01
5.995916385495858592e-01
7.251013593074007169e-01
5.280229752649399089e-01
8.123518122018897891e-01
5.267575642347330778e-01
4.465115983837826263e-01
5.059981371837229958e-01
-1.070632472703012539e-01
-1.631015656540250713e+00
-1.060248161528382749e+00
-6.517230113161496252e-01
-2.944989850031753953e-01
-2.514227131137198867e-01
-1.454886153455818620e+00
-1.096079985572771198e+00
2.121955025132820083e-01
-4.694199341860167962e-01
4.370301182022151565e-01
6.519177366665851459e-01
-4.852292573242036333e-01
5.550082436154473164e-01
5.524004877489341325e-01
9.723328264955806155e-01
1.226865267004180637e+00
8.851470992117800307e-01
8.212024708918641558e-01
6.740656870108709953e-01
7.282818638357695384e-01
4.110565035336839479e-01
-3.225063404110533050e-01
-1.644002196849783548e+00
-1.069634404274443673e+00
5.749216258887868136e-02
6.477089543423097950e-01
-1.255250833830368284e+00
-1.045392823014930084e+00
-6.391325477762166418e-01
1.433699759124218431e-02
2.602377796774586471e-01
1.965779174881796543e-01
-1.339403193677665582e+00
-2.125824057127716049e+00
-5.657776171647270758e-01
-1.631671321502095706e+00
-1.176496972826076348e+00
-1.664787601988105381e+00
-2.254454533768119884e+00
-1.006185188300739108e+00
-5.648468713689736020e-01
-9.981153541628611237e-01
-4.827508979977501724e-02
5.152455463400484881e-01
5.000093651759169866e-01
-2.917199194117436889e-02
4.634343773858877746e-01
4.730133699683864990e-01
-1.183165922362151790e+00
-3.502073879357565644e-01
-1.443881495132206538e-01
-1.730634972042808251e-01
-7.559677730066272083e-01
-1.632701068922786547e+00
-2.231055812567066532e+00
-1.836784912979542606e+00
-1.420762852522355901e+00
-8.991305112261147592e-01
-4.346896921597309671e-01
-5.649567894268532342e-01
-1.750915246849231721e+00
-1.289152551902186916e+00
-3.554205515889776734e-01
-7.670064379311014591e-02
1.489562663255767916e-01
5.592350700901755900e-01
-1.555854880624405467e-01
-9.150573916489097570e-01
-1.076993230552742764e+00
1.976263464944691961e-01
6.436371528537279119e-01
2.278500167036008328e-01
4.905905772508130092e-01
1.797933515925667081e-01
3.902498329724801707e-01
7.014691752797519442e-02
7.325653276482624321e-02
-1.371027291827537908e-01
-3.703459971715141741e-01
-1.222897535716372719e+00
-1.588569100989502214e+00
-2.137397110585009141e+00
-1.809961105717136975e+00
-1.022696149114422193e+00
-9.531699025290916172e-01
-1.705116595554637460e+00
-1.833586319100145356e+00
-8.120130287639311106e-01
-1.460756281578138749e+00
-1.989650790255161894e+00
-1.398580248619448518e+00
-1.597197066474056681e+00
-1.757209202415706661e+00
-2.763562990672072672e-01
-7.383728443793871055e-01
-6.893146923648465485e-01
-4.045802064378278828e-01
-1.065909031489899128e+00
1.173453863562583521e-01
-7.811923258211717069e-02
4.467600623981748953e-01
8.624877349219266520e-01
8.259748285100898535e-01
8.334781982063743655e-02
-4.975546654758118414e-01
-1.130299488172433753e+00
-4.915566504471833298e-01
-1.707667674647361800e-01
2.189639194797328159e-01
-5.040070024925569214e-03
-2.867579881584916279e-01
-1.128143451719545665e+00
-2.226391410359244816e+00
-1.347259360219700497e+00
-1.346107067163404114e+00
-1.291808052151192321e+00
-9.464491726955559514e-01
-1.482827253754289254e+00
-2.137386657470066176e+00
-2.676068707106801892e+00
-1.567425957638635570e+00
-1.056974598275375765e+00
-8.222361423286779214e-01
-1.824398923922355920e+00
-1.323584375469993635e+00
-1.953188147186291967e+00
-1.847940067374758577e+00
-1.982591877073608622e+00
-1.156317862202240088e+00
-1.205701569479205038e+00
-1.666475587405829017e+00
-1.686147322261895010e+00
-1.992819747811750641e+00
-8.249345452344047924e-01
-1.837913630756400352e-01
3.743939560527209665e-01
2.653509695772671151e-01
2.602965186037500267e-01
1.461203835326494449e-01
4.024907587502668527e-01
-4.925228007132709251e-02
1.513208403740833319e-01
-8.294501379034144861e-01
-2.266909987010838456e+00
-1.763713930727688339e+00
-8.516845163873294489e-01
-1.274279696872608669e+00
-9.213038772830897116e-01
-9.184818476585103753e-01
-4.202910760118769851e-01
-1.136022997147558833e+00
-9.466147908781463727e-01
-1.090622452710580115e+00
-1.817312838204106384e+00
-2.161692840609003241e+00
-2.164690979415669236e+00
-1.766255290355614793e+00
-8.047328226702132881e-01
-5.103076675478166457e-01
-1.337370335785514897e-04
-8.092118984554153016e-02
-5.135080579784156996e-02
1.303550950317111656e-01
-5.083714409574406901e-01
-8.496575471895972953e-02
-8.290323533958243729e-02
4.208642378025406749e-01
8.981558937532785336e-02
4.928836163589576103e-01
-1.956701613963174324e-01
3.358631769212658824e-01
3.676167375147878502e-01
-2.300535039794482373e-01
7.541636692175712753e-02
1.915825994383699715e-01
3.060704772158135967e-01
-6.394677652895386366e-01
-3.620393659498573058e-01
1.054774525923383166e-01
2.101341166659982385e-01
4.019815881326413987e-01
4.069885199221690009e-01
-7.160265414095867698e-02
-4.425747668741295549e-01
-7.398463362568690194e-01
-4.795547023468080816e-01
-2.761589800800194894e-01
-2.779140046872528025e-01
2.126235838161161240e-01
3.033493216403702064e-01
-3.107855729709729786e-01
-4.125466268901929467e-01
-1.736168949018102037e+00
-1.342764086221799325e-01
-4.207256645227199776e-01
2.467176240963873113e-01
1.254394313179263420e-01
6.317263701873798709e-04
-6.573175320251918308e-01
-8.519020466313236284e-01
-1.007198550995607844e+00
-3.643384833055698380e-01
-5.569137488129594082e-01
-3.192075292598457459e-01
5.975672451181601730e-02
2.476413771051553248e-01
2.211836010021648313e-01
5.141941946616235271e-02
1.651854989919190331e-01
-4.812620848088222658e-02
-5.226893922970088369e-02
-2.137115968004961175e-01
7.139557609635360791e-02
-8.371178995545847101e-03
1.255712257122367781e-01
-9.957712244412242342e-02
-4.112023256259282888e-01
2.805631316730217151e-02
2.664913234320445135e-01
-5.216155567793201442e-03
-4.325615016614658970e-03
-2.164800561288804381e-01
2.599203615556380242e-01
-3.569103517952894045e-01
-1.584071550689003516e-01
1.517388803272261555e-01
-7.624023595794371388e-02
-7.889344205778963115e-01
-5.049813626598878002e-01
-4.141962488150685573e-01
-1.152374913488385388e-01
-1.249884070028421945e-01
5.910556798704291737e-02
-2.068526980794906933e-01
-2.384615504902756200e-01
-2.405898921656106637e-01
-5.372886063005513080e-01
-7.235222044796179031e-01
-5.329840966514463041e-01
-1.247066401685255288e+00
-2.190750375053691634e-01
4.410094133470847666e-01
5.506095898950364997e-01
-2.096640891508712023e-01
-7.198766428376321969e-01
-1.344166286254344644e+00
-5.295317787426978562e-01
-3.098582758578793950e-01
-2.574895912708279333e-01
-3.375108718332606728e-01
-8.465092642209981477e-02
-5.150807829487527023e-01
-1.530701571720438414e+00
-1.701765330375318852e+00
-5.746313746222617702e-01
7.483456279315081616e-02
-1.231066489269041497e-01
3.282594826369322760e-01
-3.758545497829413051e-02
-2.892261370584647828e-01
-3.645576967753849651e-01
-1.615062603758756765e-01
-6.670230854810066390e-02
-4.402356281638253321e-02
-6.613828752361308183e-01
-1.188542187052498811e+00
-3.983757670582472876e-01
-5.387390080927256797e-01
-1.975585462959768002e-01
-2.236289963871151976e-01
-5.218551367681092401e-01
-2.466832060835346674e-01
-2.340427494092609528e-01
-1.729140767015169056e+00
-2.038456305239151334e+00
-1.557636810789554627e+00
-1.529909138676335267e-01
-6.600256080466904152e-02
-3.736097842709220629e-01
2.318938050912784377e-01
3.561866033088953998e-01
4.128038387832302369e-01
1.863967625517659599e-03
-4.399779681889977034e-01
-6.452000211994075585e-01
-3.580677081084160385e-01
-8.930794139489282024e-01
-1.822035452868092431e+00
-1.530097415660733651e+00
-1.252732710940211547e+00
-1.167477803800408109e+00
-1.366333747045757052e+00
-2.056382679702898564e+00
-1.443509430381674896e+00
-1.523482454449556656e+00
-2.238777307866299360e+00
-1.205226547130446191e+00
-5.189173934235258301e-01
1.913785936201790605e-01
9.519751279428456670e-02
3.121055081245791563e-01
1.393865119505917072e-01
-6.295886960012708755e-03
-7.766028665431743416e-01
-7.138147893201722827e-01
-2.001155117288040408e-01
-2.247524072249849070e-01
-5.731923416903108581e-01
-1.638949338038849124e+00
-1.153646186073014945e+00
-1.651335336464851977e-01
1.119366200667064604e-01
5.854494648661212608e-01
4.381871518724729242e-01
1.834100511606999717e-01
4.568515356003355343e-01
6.914726127671131373e-01
8.859065162075596689e-01
6.700651400856512119e-01
3.001647454793188174e-01
5.283821230871672547e-01
6.644412857063528577e-01
7.337350526244725835e-01
-5.599598024244478722e-03
2.998371089476239426e-01
3.028312668660566587e-01
4.016642333144591070e-01
3.444518232934039581e-01
1.859907126125754928e-01
8.024322198779021420e-02
4.062429445531536842e-01
3.185763960614074186e-01
1.424388781613852295e-01
5.921716479822585200e-01
-1.209668031210924255e-01
1.445300700985128195e-01
7.550641143541092504e-02
-5.859922887366320055e-02
2.885664794325535354e-01
6.054436479191087628e-01
5.309315155453870894e-01
-1.049369616028572594e-02
-3.717530191568165776e-01
-1.633090388457962838e-01
-7.300431108458000917e-01
-1.633805502850134150e+00
-2.347873778935074540e+00
-1.214419887284344357e+00
-1.222190477366880357e+00
-2.072498131072350702e+00
-2.514635592775015027e+00
-1.192824996907518420e+00
-1.758777471267163328e-01
-3.485229853900775332e-01
-7.277672430359238831e-02
1.101280491387854887e-01
5.529313327717355619e-02
7.510980987856674673e-02
-8.846575833503127484e-01
-8.265644167817092214e-01
-4.246778729634290706e-01
-3.121369543271312885e-01
-2.598854850263654370e-01
-2.318035985399582444e-01
-9.409789379286530586e-01
-3.383715193419756240e-01
-1.198762314650316796e-01
-7.675737461981901877e-01
-1.735413155652367978e+00
-9.123511295399726606e-01
3.447823671900791531e-01
1.518164426312824666e-01
1.315871488937832012e-01
4.876686372319589680e-01
8.132460128811436206e-01
-9.095889705048199048e-02
-1.255068358656429073e+00
-6.414331510322446306e-01
-1.678325540643164082e-01
-1.122609736162794025e+00
-4.045961996251903336e-01
-3.767838425470415586e-02
-1.880905264016017320e-01
2.020684594597601524e-01
1.482516872266983476e-01
1.048620484846685130e-01
2.548704832667492148e-01
2.421781740309558728e-01
1.746157415929774359e-01
-9.191514707609904633e-02
2.698905946807674816e-01
-1.689113228584622206e-01
-7.581962302068623316e-02
-1.917848747248851460e-01
5.375318377688786953e-02
-1.410426369787964873e-02
-1.221617281569946867e+00
-1.938963174573105297e+00
-2.197449172463045830e+00
-9.688020657757334675e-01
-1.501570713943725321e+00
-3.194111423793102311e-01
-3.134600251306767227e-01
2.300294683948882479e-01
-4.658955142042131570e-02
1.875339488979346214e-01
-2.005616197939246170e-01
-9.356263453583801848e-02
-1.521841839192270562e-01
-9.435664118640385567e-03
-8.938551758039881001e-01
-4.999106638410548697e-01
-6.238920995088488297e-01
-1.165400955162478436e+00
-2.189406178252939483e+00
-1.200019942851644705e+00
-4.500014236435792014e-01
-8.732050492045471124e-01
-7.058724909658247171e-01
-1.901957534624254986e+00
-2.039245179276329090e+00
-1.507463155062057414e+00
-3.874066383312544382e-01
-4.451639049383606661e-01
-9.906883650966280541e-02
-4.550475351770946197e-01
-4.167247051949729553e-01
-3.888567431005611752e-01
-2.423421386756459128e-01
4.743333296667318066e-02
2.188018658706831765e-01
-1.254210265193480778e+00
-6.351978595423852791e-01
-1.522784597659931904e-02
-8.139575589236613951e-03
1.658157564838083076e-01
-3.790750265544953201e-01
-6.005057656875381067e-01
-7.149360332805470009e-01
-8.997450787869232247e-01
-6.347113902890957338e-01
-3.640971076417010011e-01
-3.341382852977203832e-01
-6.707264376639727743e-01
-9.864208949464403631e-02
-2.795934617678557110e-01
3.546166698285957430e-01
7.124956658124430575e-01
5.802951158838296486e-01
7.777013717543379556e-01
5.382666809632645766e-01
8.042390867224789019e-01
5.077676038958967020e-01
-7.964491836324993912e-02
-2.000644624885898892e-01
-1.172092690428199191e-01
-7.449989508415171269e-01
-5.938744829164299688e-02
-1.838007363693434648e-01
-1.263934053374038413e-02
4.331433199493188724e-01
2.899738396997078027e-01
-1.192219898031181113e+00
-1.877815589110446215e+00
-1.443759032038594015e-02
-1.223585486544456868e+00
-1.365957724474978763e+00
-6.447087103409745446e-01
-1.133704582196794153e+00
-8.675955862054753887e-01
-3.806477197068387497e-01
-2.774982605818174797e-01
-4.616388653424770006e-01
-8.921938859607256855e-01
-1.139172940441302684e+00
-6.048009456767657888e-01
-1.500588552149646260e+00
-2.133416958062474666e+00
-1.631714728959557936e+00
-3.643725653146003829e-01
7.962983199467066342e-02
-1.235534214094569094e-01
7.333125221502712066e-02
2.364346309273828162e-01
4.202027770266698603e-01
3.120324837358490200e-01
-1.628008686870709987e-01
-1.291666074313798651e+00
-2.686445810199606932e-01
2.236139500880174324e-02
-4.241642876693241249e-02
-2.235795783933558489e-01
-1.059441086272658206e+00
-4.641562295819108286e-01
-4.043006149698635809e-01
1.432585893424862533e-01
3.542585922778704877e-01
1.514125018346135221e-03
4.233700006982910047e-01
1.957492208501228070e-01
2.781852146204513154e-01
-2.411262820847248634e-01
-6.581515859772295585e-01
-3.799835058258680398e-01
-5.592175381344057783e-01
1.192470221648234130e-01
3.601234898406335816e-02
4.724993561337558212e-01
-8.819084052207282198e-02
4.139523142492116392e-01
6.947745272138261541e-01
8.732643474442771669e-01
6.940881588149241388e-01
7.751585502907891723e-01
1.124844827739032382e+00
-4.483040184523727767e-01
6.109410374473331906e-01
4.529873007710993882e-01
6.774125516258036050e-01
3.056756903130093406e-01
-6.225881202448180218e-02
3.597552485029562597e-01
7.713985520210187019e-03
-1.747542191926179100e-01
-4.761212803613332767e-01
-2.275559226436167926e-01
-2.219424447168172776e+00
-1.574968263121702128e+00
-3.509599257882287660e-01
-3.938543221151711293e-01
4.917741411446385769e-02
2.013119091586021980e-01
4.756338137135909250e-01
-6.451849463495211712e-01
-2.160138511752829338e+00
-1.172734911682902226e+00
-1.590939968587104847e+00
-1.672797333593102120e+00
-6.472426684598742153e-01
2.078500538060286118e-01
5.520995964211303786e-01
4.481091293034853429e-01
2.895431250690592151e-01
-4.631276952264569147e-01
3.674141368426031562e-03
3.325178283951202296e-01
2.471871471164481804e-01
3.233224763324371587e-01
5.384182304451208267e-01
7.287485572520830956e-01
3.781916517469152694e-01
-2.335677765949375484e-01
2.819463732173677073e-02
-7.362763457593979322e-01
2.523753156949926080e-02
3.813264136834817464e-01
2.522732753617695778e-02
-8.606136349271347186e-01
2.993021653004035443e-01
5.014584278219351710e-01
2.581446436068195460e-01
-6.614207665494513666e-01
-1.150858850876617545e+00
4.411854208230279184e-01
8.980074033308058645e-01
-1.038516830478077857e-01
-6.508191486372123524e-01
2.016787446908159254e-01
6.705932767931983562e-01
6.428194679138217182e-01
5.290392394879583904e-01
-4.233289466053271610e-01
-2.226804637251698082e-01
-1.679901380344666073e-01
-7.862553582965192689e-02
-1.643924751018445818e+00
-3.427446387158665786e-01
-2.782711796141241756e-01
2.929912101236364919e-01
-5.589690704850980296e-02
-5.490522634895755871e-01
-1.240808942892899447e+00
-3.128479720254144780e-01
5.161951811314540173e-01
5.877358281530158379e-01
5.971855106329089224e-01
8.305970516511638202e-01
1.462538755146123748e+00
-2.027650497524309259e-01
2.320762348596234759e-01
-4.710337885453630413e-01
3.181881578785734632e-01
-3.111957136992096196e-01
1.018163678261496230e+00
7.083725334359827208e-01
-6.477086754082828080e-01
3.779572219662519217e-02
2.051338069458168434e-01
2.968868667672053263e-02
3.168062828328035430e-01
-3.348657805500563356e-01
9.567174988579560946e-01
1.238709663870147804e+00
-1.279928914680619201e-01
-7.774609834174812661e-01
-8.957586800778074565e-01
-1.273158909689647178e+00
-8.272209763050122344e-01
-7.186923555832038790e-01
-2.006957780989413465e-01
-5.038529207059605497e-02
2.015443373700325225e-01
1.612100060500134546e-01
1.499357847598981053e-01
-5.096167327049117013e-01
2.792589002487373406e-01
1.021650836164758047e-01
-2.429072407833499092e-01
2.517958706219216580e-01
-9.362489964599918224e-02
5.778446225712090545e-01
1.235349501467286615e-02
4.255073437979057793e-01
-5.221509729913980102e-01
-6.887739276547943934e-01
-1.923168719324097609e-02
-2.540478755550390488e-02
1.120668452312978403e-01
-3.567375619700947631e-01
-6.036147667381872584e-01
-3.203004150405130979e-01
1.618862413226902497e-01
4.443869682411349942e-01
8.156929481816850291e-01
5.401948980380586463e-01
2.240944913750455569e-01
6.419760979310940030e-01
7.117137117380205602e-01
1.191162311137086594e+00
9.721975172808194898e-01
7.776709840716606870e-01
-8.044831593217702803e-01
-1.015353735845176963e-01
-4.840311919771953519e-01
-1.944828732273951033e-01
3.215039987416101752e-01
5.572074598511629340e-01
-2.570109996996023938e-01
-8.355717934366730937e-01
-1.442045780967232460e+00
-8.684053406793414975e-01
-4.670412678164348463e-02
-2.556656151700900104e-01
2.638348092824882585e-02
1.861638096975259948e-01
-3.122384048080824037e-01
-3.496279295887183558e-01
-1.416862112386798600e-01
2.414498098085138267e-02
2.542780610372794570e-01
5.220742124620403324e-01
2.865399138287552105e-01
1.102477124655156349e+00
1.157839507737906004e+00
1.089962148666173025e+00
1.043469837873753026e+00
-2.814716600140965141e-01
-4.912585031655991585e-01
-3.358137681304289579e-01
-5.768500625728378850e-02
-4.258472945198632509e-01
2.019985636902985604e-01
6.811508019426417704e-01
1.079744686065968740e+00
1.121737466439471920e+00
1.218597108772838666e+00
1.177587462250094585e+00
4.765453899497136270e-01
8.862873019797778973e-01
8.048646835615800299e-01
6.007640988290705586e-01
4.381486797415408141e-01
5.336189019439618875e-01
2.789887952032996665e-01
4.321293203252718484e-01
4.712634983889416596e-01
-1.602370309172913565e-01
-1.977432225515505237e-01
7.143032481707534131e-02
-3.900637541225258076e-01
-4.905256447690544697e-01
-4.406202730702895032e-01
-1.995803577538506346e-01
-8.401354097453166414e-01
-3.580743940577955087e-01
-4.258985841539786321e-02
1.858977171212852220e-01
3.321131695178003440e-02
-3.002021848804226067e-01
-1.022844991095746003e-01
-5.221937580199798035e-02
-5.140024891377725780e-01
-1.137248380081756327e+00
-1.422558963819180455e+00
-1.090098676911432696e+00
-7.243334053439571818e-01
-2.150986604763280852e-01
-3.546680484057893601e-01
-3.468765223736482994e-01
-5.816252634477674377e-01
-6.903413501093662585e-01
-4.255339170222796064e-01
-1.988833324296814808e-01
-8.880639959961067476e-02
2.892295435576590634e-01
-1.250924938224766692e-01
-8.372528577638416181e-02
-2.547710107536111934e-01
-4.854194172374755034e-01
-2.586578829944858882e-01
-5.653108294180433369e-01
3.314229951084226578e-01
4.528647839157322608e-01
4.754456930576909102e-01
4.771342119601524878e-01
5.213073741286788909e-01
1.016505210749887311e-01
5.260889791043790176e-01
3.929018657781391255e-01
5.927785503516207477e-01
7.585435508422118112e-01
4.676597399463573446e-01
4.311108433023331798e-01
4.077751388155004264e-01
2.506023743698047035e-01
-3.816382086779719351e-01
-3.721817857303570953e-01
-9.116825434765241098e-02
-3.699937636291692478e-01
-1.596682243859772754e-01
-7.102125316777829767e-02
-1.305236043212292918e+00
-1.622628260057290994e+00
-1.654901581298383384e+00
-1.862518131619943951e+00
-1.713939152633358942e+00
-1.944950935567014039e+00
-1.480475434412510172e+00
-5.693919911605038742e-01
1.128754093919250856e-01
1.994662340993782479e-01
3.786428725684101160e-01
2.723951936576871624e-01
3.582898968900978254e-01
5.568746806901514468e-01
6.697886130007928429e-01
5.960545097903806600e-01
2.211916818935883988e-01
2.775155737310668336e-01
-1.463019251666386467e-02
3.790187945208098874e-01
-1.359493097279371732e-01
-7.244813687256446144e-02
3.822486142701837508e-01
1.970470757550835117e-01
6.908526403374626312e-02
-5.410731641346959719e-01
-3.697599670411246819e-01
-1.639593884176515637e-01
3.284435537200653954e-01
3.408479192031297345e-01
5.033895807219828100e-01
5.048250190322538522e-01
4.155911182106271085e-01
3.809747465678579026e-01
5.250529571825994779e-01
4.477822738536749725e-01
5.190125464616235362e-02
-3.990440214877204461e-01
-2.483432618426730798e-01
-5.393504185461224232e-01
-4.717143947196866804e-01
-7.705888507131481990e-01
-4.144521433428041135e-01
-7.887554801525507031e-01
-6.824224142205741472e-01
-7.765730836523176972e-01
-9.370305139426271523e-01
-7.176419328050298585e-01
-1.689609666653094200e+00
-1.778316377488033506e+00
-1.691180791203064082e+00
-1.890909032104028054e+00
-1.770320852844558202e+00
-1.743117792592076443e+00
-2.219016512934609331e+00
-2.302579957900048768e+00
-2.261664755522897252e+00
-2.468819660954977735e+00
-1.866149275405604602e+00
-1.070483942681192069e+00
-2.585217241909520958e-01
-1.573225477250893345e+00
-9.554823538868664201e-01
-1.486973915856070860e+00
-1.883020331469947184e+00
-1.027172861629843004e+00
-1.986917580406669437e+00
-1.686955768024619218e+00
-8.641680904084203529e-01
-3.218832468160406357e-01
-4.845814999963362624e-01
-9.250711718537454331e-01
-6.567101377664796846e-01
-1.419045017646932916e+00
-1.374093650161945623e+00
-1.282250881030663647e+00
-9.909366458573687364e-01
-9.299919943055532379e-01
-7.602251110130220368e-01
-4.669083754545639842e-01
-4.285662139500452383e-01
-6.386029830356541037e-01
-2.671366366228933309e-01
3.560960639232524372e-02
2.652869436896954092e-01
-9.247612249851178134e-02
-2.520903393504689838e-01
-4.946438174800094068e-01
-6.346215878742855754e-01
-2.633992628818884185e-01
-3.888791045418287240e-01
-1.624811712605930270e+00
-2.102017653428065902e+00
-1.394716516409041152e+00
-6.466403116774974702e-01
-7.697977133476150424e-01
-7.094234938835850546e-01
-1.196372053646590494e-01
-1.026868679227606052e-01
-1.846647076216516581e-01
8.378604679199463945e-02
3.780008512791166453e-02
-9.374863787878631172e-01
-1.860646231876018408e+00
-8.008861978586383490e-01
-2.237863353076541273e-01
-1.238879887836773497e+00
-1.293895292253033791e+00
-1.537675328714072975e+00
-2.162699972731667142e+00
-2.130568240680387859e+00
-1.638465617771895477e+00
-1.526499958760593634e+00
-1.270448064598731719e+00
-1.173288915122414622e+00
-8.753458822484059265e-01
-6.147190658450003564e-01
-2.352486169689016471e-01
-7.881630256234102294e-01
-8.086678176249053607e-01
-1.424699326405791222e+00
-1.173645654172858377e+00
-1.404602132942815107e+00
-5.195306934685088862e-01
-5.282187454037123864e-01
-7.162280559160567606e-01
-4.552586266721365682e-01
-1.404888643575280316e+00
-6.841788216603936768e-01
-1.586624085165642128e-01
-9.810991963115029968e-01
-1.368907698089209424e+00
-1.009040621933017468e+00
-6.423955974463344543e-01
-8.664113921026230791e-01
-1.521554968223250315e+00
-1.229247472760065962e+00
-8.084204753915820163e-01
-8.366324789035552989e-01
-9.731870359001602022e-01
-6.625302517090709831e-01
-1.880610580393337283e+00
-2.152242673524690897e+00
-2.435416205501419018e+00
-1.414299937444409849e+00
-6.846228612989964102e-01
-2.921084620037071033e-01
1.221995406750240321e-01
-3.758206909000119111e-01
-1.386496509487376239e+00
-2.261085590615607988e+00
-2.493968468385296067e+00
-2.874174949383323074e+00
-2.021109335512199845e+00
-1.779289498098256539e+00
-1.667771423694868194e+00
-1.624547344678243910e+00
-1.385849378670424459e+00
-1.867479592987501880e+00
-1.504146646196435233e+00
-1.694696281355329237e+00
-1.605028698396757214e+00
-7.670459778852152244e-01
-3.046088628992884573e-01
-3.626656775673220423e-01
-7.089544618249081775e-01
-4.263802076011331543e-01
-1.220142845002278209e+00
-8.558520884853226818e-01
-5.749469587571995888e-01
-1.103617891032634635e+00
-1.568299807368576326e+00
-1.957494372885962619e+00
-2.337229422637618903e+00
-2.306091259415834926e+00
-2.226390567528953923e+00
-1.993694813207519623e+00
-1.705157224942146055e+00
-1.519496871622683765e+00
-1.129921562960536141e+00
-9.589203239488370833e-01
-1.129750645688158972e+00
-7.864621347991700429e-01
-5.034611134968631774e-01
4.523515739029093652e-02
-1.222624005848836903e+00
-1.337776175084224306e+00
-1.643344387397309481e+00
-1.934466254849259936e+00
-1.087467316374563175e+00
-1.111890456331181332e+00
-1.593472442177017889e+00
-1.450742024660215401e+00
-1.717365411105003847e+00
-1.998195428635888948e+00
-2.010630966498263117e+00
-1.593616006285033304e+00
-1.192373622436498692e+00
-1.344134944285390487e+00
-1.976810244797906346e+00
-1.609446610872644623e+00
-1.089217279938476501e+00
-7.971424580962302997e-01
-1.054697412194981920e+00
-1.050022004508738727e+00
-1.970846390409902282e+00
-8.897634238402061246e-01
-6.045497311595708911e-01
-3.665170989491501885e-01
-3.921073412081943488e-02
-4.723296125765710229e-01
1.234989916502637897e-02
4.496500108175061072e-01
-3.593245489541878612e-01
1.986147474360508980e-01
2.973824579688879588e-01
2.730147533376627855e-01
9.363829310428921637e-01
1.190992988579401501e+00
8.991380132176942652e-01
4.932805958616270914e-01
4.488886865908363610e-01
-9.355821994533208841e-01
-1.793225222420540277e-01
-7.964101055427390552e-01
-6.234209240556953802e-03
-6.715229622764065098e-01
-3.590767276635942196e-01
1.719508075473052955e-02
5.826182718962220619e-01
2.710385836709559015e-01
-2.887296517460642420e-01
-4.508591470369509580e-01
-1.133477764644394759e+00
-6.393955092986400857e-01
7.140893085884147951e-02
-3.310703280154294603e-01
-1.808301714004612037e-02
-4.448674609706495531e-01
-1.284532520670187417e-01
3.901444875549748836e-01
3.875792685904597690e-01
1.973418518613039296e-01
3.689789959827307619e-01
6.628487041473984931e-02
3.580179408750843173e-01
4.578718262502912140e-02
4.216463656882010191e-01
5.356209799203726085e-01
1.503645522467143003e-01
-1.397223225817760817e+00
-1.617523323548117897e+00
-2.145326233874546240e+00
-1.193696547462095747e+00
-1.074522713820205588e+00
-1.217918714351789555e+00
-1.460174668149325505e-01
-1.504616016931978884e-01
-1.511620962306690075e-01
1.551581851068450923e-01
1.802236169518702802e-01
6.502227634931183609e-01
4.907751370641051381e-01
-7.618997296403406949e-02
5.994459946169925502e-01
1.011935824060619105e-01
1.626698188634381204e-01
4.164309076201226922e-01
5.292202135195345214e-01
2.077921537425639897e-01
-1.542150984536854175e-01
1.731761455614444500e-01
-8.375544271360859661e-01
-6.023923769663146466e-01
-1.330966222666991605e-01
-4.772502461211125535e-02
-1.730554385565716835e-01
-3.140921521357795676e-01
-4.095159382782060931e-01
-3.399411322523380186e-01
-3.507945458930001870e-01
7.370716011399647272e-02
-4.005912947807925839e-01
3.352509180523925991e-01
3.477537033954725132e-01
-9.680310942180059275e-01
-2.741110419364249928e-01
-1.538576316017862489e+00
-9.879612134272566237e-01
-2.722401669867426932e-01
-5.320808649476438390e-02
4.392840408892002557e-01
4.782124310599429329e-01
1.243721537718278647e-01
-3.900135872753067723e-01
-2.564804109337659455e-01
4.329315078173912035e-01
4.508387049161641791e-01
4.200763148610420217e-02
-9.117892909742193464e-01
-1.320032264714273929e+00
-2.046354100817530330e+00
-2.308460458508487800e+00
-1.190285223260395320e+00
1.110363220865631106e-01
3.928190429620461721e-01
-1.192599944480302598e+00
-2.321652778591244637e+00
-2.163368816841407583e+00
-1.449975952465115459e+00
-1.105141004850125119e+00
-6.902939173626634339e-01
-7.469304928168598590e-01
-5.387987137142880023e-01
-7.202899154861568398e-01
-3.842191829303844841e-01
-2.395067101935732801e-01
-4.462603190553946497e-01
-2.743615353520110212e-01
-1.600876509057642672e-01
3.707538218468737767e-01
-2.100177362929911418e-01
1.161987988012835871e-01
5.583829931005843683e-01
3.985464331708072905e-01
5.085038820719138819e-01
6.619851127299942739e-01
7.648081349765942782e-01
6.833749376394986363e-01
-2.882296822644039302e-01
-4.387242637337522844e-01
-1.062257432060635942e-01
-1.545988885699595361e+00
-1.945514023382643343e+00
-2.606267915124228285e+00
-3.045378003791761934e+00
-1.753163429310181876e+00
-7.457044868169186991e-01
8.577575589881902829e-02
3.926762288013030400e-02
3.779402152291391204e-01
6.771818792224726380e-01
4.971114368730127353e-01
3.836950970100878600e-01
6.236199673489224438e-01
5.265642808315074141e-01
7.323843743313314114e-01
2.493706130766506490e-01
-1.647650459345628704e-01
-9.258342093829654562e-01
-1.108256130824615715e+00
-1.711143133137710048e+00
-1.728563267076147714e+00
-1.281030476601742185e+00
-1.104879325467206685e+00
-9.656718998631366180e-01
-1.565304428491341771e+00
-1.225715967396778128e+00
-4.313761634465587136e-01
1.284670543604331527e-01
7.303726118045998916e-01
5.841313641806871182e-01
-3.107333529232958469e-02
1.421157282531391175e-01
-4.021896448276343072e-01
-3.753276454072214108e-01
-4.070239586129229536e-01
3.130484745932915480e-01
2.635761787133890088e-01
2.165828403263936330e-01
-1.390157203249247075e-01
-8.662620222921313395e-01
2.804244863606530913e-01
4.936174620640745303e-01
9.809547010946584322e-01
1.356975634280625176e+00
1.494555312432515493e+00
1.204577834016159699e+00
1.309941834293331997e+00
1.074741386691744349e+00
1.531084841504627647e+00
1.390800555442028408e+00
1.501029218686512401e+00
1.419043137418730005e+00
1.678589600357615730e+00
1.454284112012508956e+00
1.523755106319859998e+00
1.607054907583959746e+00
2.268358626174628689e+00
2.650634461331643266e+00
2.185238859351249729e+00
2.584799341472191259e+00
2.395082756294796056e+00
1.679049952229344278e+00
2.071416459920616404e+00
1.637461895658214317e+00
1.272885924367308963e+00
1.572322431904193074e+00
1.339284082139275078e+00
1.614513425031679716e+00
1.582908530566986549e+00
2.275496148106109118e+00
2.536941468935090427e+00
2.927572524233196916e+00
2.998230703856201274e+00
1.723673974381035201e+00
3.349158951291659747e-01
-1.623942074044557149e+00
-2.309953834651359728e+00
-1.749748682098528185e+00
-2.072641287651542541e+00
-4.155246918459032379e-01
9.249244250189265770e-01
6.741111818679419443e-01
3.331620719416097387e-01
7.832645992012778891e-01
8.545376586439967781e-01
9.182545134041864010e-01
8.632066439717731576e-01
6.719734790837259553e-01
3.152300748131908747e-01
5.112425088226020264e-01
3.532079131678935724e-01
7.059880335462684897e-01
1.990882826576267917e-02
-2.000854502263593737e-01
6.804383275957217592e-01
7.298722100251975320e-01
9.043356697999267446e-01
7.145129939375101102e-01
7.310129753429985833e-01
7.251509711651875634e-01
1.324655110175028572e+00
1.307676479256674185e+00
1.754066195577492770e+00
1.501807655134080655e+00
7.789092579690954921e-01
1.071193822339371771e+00
1.927788886105972210e+00
1.593164795770118936e+00
1.183579390348933558e+00
1.012831740925637991e+00
9.880847392538685270e-01
1.334585942912528189e+00
1.220592249599968593e+00
1.413008041071581733e+00
1.789876043206021450e+00
1.403352916554492236e+00
1.542543512927760041e+00
1.701918991984589624e+00
1.853213912498166138e+00
1.104105293107748853e+00
7.551182923712245199e-01
1.393632529336496617e+00
-1.213706492839261353e+00
-1.435523126497532775e+00
-1.029915659742750789e+00
-3.558854347149660313e-01
-5.594771561124018966e-01
1.542166917593781328e-01
6.628275745671019514e-01
1.440848245957253582e-01
1.270536493320242766e+00
1.337251146387401946e+00
1.790471991904025728e+00
2.015986384633428941e+00
2.033436738180649073e+00
1.616404528042026278e+00
7.607378575612253613e-01
9.611514563711942571e-01
-2.085133073106280044e-01
-1.156802710062954986e+00
-2.352659323513773160e+00
-2.092571744009220858e+00
-4.617846424346234713e-01
-1.908693811367918158e+00
-2.172447907805780343e+00
-1.023045301554423636e+00
-8.243109776129122768e-01
-1.628388043191930645e+00
-2.459641566271949298e+00
-1.985077923190804228e+00
-1.387570849389093697e+00
-7.031539815004062000e-01
-3.147982234934598722e-02
2.855454916417299316e-02
-1.003897314096908744e-01
-4.758588414557252122e-01
-6.792139411354458645e-01
-1.764675015702721339e-01
4.634207487038541906e-01
7.728656997865654965e-01
1.154738225990116440e+00
1.032820206077939229e+00
1.134537315171053606e+00
9.511143315560692812e-01
1.067878058159686727e+00
4.373302996703074541e-01
6.825538310655336893e-01
-2.103271495568743710e-01
3.041042427383455760e-01
5.886504269547381263e-01
2.026328022972458953e-01
7.622604606402245686e-01
8.932456890332010069e-01
1.254172833272276577e+00
5.746532960343588847e-01
1.367109127468708607e+00
8.845669931197215341e-01
1.034805637331446704e+00
2.679649247379307653e-01
5.313168366210141436e-01
2.621094059395301379e-01
1.807911005219984268e-01
1.238970050761158959e-01
-1.403967102416346702e+00
-7.820633939884844565e-01
-1.581256635232299423e+00
-2.124457081630067634e+00
-1.148346800596155459e+00
-5.645111753430938073e-01
-3.231074340986186400e-01
-2.240619842723273969e+00
-8.726461124669402381e-01
-1.161871193928533774e+00
-2.194523405445713671e+00
-7.120906115621901122e-01
-2.499072318361292844e-01
-4.343404244130488756e-01
-2.850929488392770494e-01
-1.106196032682594810e+00
-8.811388444967942490e-01
1.887377314385121352e-01
-6.396790739572431050e-01
-1.139557574994354505e+00
-1.799385021376004090e+00
-1.248792653720470325e+00
-1.447593264335741647e+00
-4.267938369682084954e-01
-2.344748839703939769e+00
-1.080931231159795836e+00
-1.452471331689197509e+00
-1.352961681703303887e+00
2.646575612306807379e-01
1.503798371818935387e+00
1.585179177233584369e+00
1.797265982661016004e+00
1.313419581478313614e+00
1.084769086523868609e+00
-1.793670201476782466e-01
-9.472109822860534933e-01
-4.354208303620241693e-01
8.128137309786418463e-01
1.248849720298036203e+00
1.120151966602622728e+00
-8.709136510798141106e-01
-4.461485972941505729e-01
7.313630884455863956e-01
1.191512770738176297e+00
1.432897113442151316e+00
1.302407846005554592e+00
1.448364521819640593e+00
1.580894395360449955e+00
1.301188870915356066e+00
1.847699812871743674e+00
1.486599881286516656e+00
1.419227425985522650e+00
1.401535422387692797e+00
1.032439777892730337e+00
-6.371463643753214612e-01
2.399986102029991741e-01
1.119547938951610533e+00
1.780862568687108904e+00
1.051019037707549675e+00
-2.997240799756508700e-01
-2.317675979826203658e+00
-1.532777395503972073e+00
-5.750801365036433133e-01
-4.356957897210733677e-01
4.809184492910891784e-01
5.380994108430501299e-01
3.575038749761514367e-01
1.740126101342358567e-01
3.237724812372277938e-02
3.448758787989358865e-02
-1.979994369133342147e-02
5.694891123287009194e-01
9.306889151548598527e-01
7.755165159186216961e-01
3.360342592619356417e-01
8.336529967503656380e-01
1.312686474961920258e+00
8.713520940279337879e-01
5.245563685970680012e-01
-5.343536511948241419e-01
-4.992400752338777004e-01
-1.453101548597007131e+00
-1.930531015581280485e+00
-2.298427905410213246e+00
-6.978533397306763142e-01
-1.614400138008257102e+00
-3.069642592538714965e-01
4.674533941811138682e-01
9.225424748549211351e-01
9.890512823003234644e-01
7.728246796890045900e-01
5.077216480760831097e-01
2.510374934957013693e-01
4.687054788560760521e-01
1.014877302732723585e+00
5.155468896998152140e-01
-9.090555380983642575e-01
-5.758946945164851172e-01
2.478885625109685797e-01
-4.199200667254765484e-01
-1.927822282981949797e+00
-7.295721135222150711e-01
-9.113670925481811569e-01
-2.979168974582480089e-01
5.854480716464123269e-01
1.528223879602887969e+00
1.037058219244063828e+00
7.378297067329011583e-01
-4.200946705612498278e-01
-5.525268014633688551e-01
5.304777275694472216e-01
1.321200038870373739e-01
-1.847634615458186857e+00
-3.601005843961448960e-01
-1.642218993605539801e-01
-4.878903816235422575e-01
9.696767467910740734e-01
1.001139662162989552e+00
-1.217516625995417545e+00
-1.031936333176291631e+00
-2.513232235786639457e+00
-1.828522810036675939e+00
-3.534315394439504487e-01
-8.748649143476019407e-01
-1.071256005719328774e+00
-5.750440479707070729e-01
-2.834489373259692080e-01
-9.856186340772987720e-02
-2.295839157206618353e-01
-4.475983610264444579e-02
-7.572427588051278136e-01
1.742827583304347172e-01
1.023871633672048809e-01
3.660156173843822636e-01
3.720614855138384414e-01
2.045469629900313890e-01
-5.087419638141903455e-01
-2.613886250979007286e-01
-4.972775831268223534e-01
-1.438036325113839720e+00
-5.647606687266044645e-01
-6.014717323007376937e-01
-7.697023253707597767e-01
-1.214041617533272444e-01
-8.912595856661458260e-01
-7.839245312559794954e-01
-1.064903179786549359e-01
7.899650279854322221e-01
9.715497765479077508e-01
1.070811899333434791e+00
6.157451059461873655e-01
8.760084559765806134e-01
2.236686384261319382e-01
-2.406194314350447172e-01
-2.622733954710954052e-01
-5.070245341624812774e-01
-6.241966871646253967e-01
-6.365523991412436189e-02
3.645487836393495051e-01
1.829307974239222645e-01
-5.315657149637074141e-01
-3.942467854767111035e-01
-1.587789957722421708e+00
-2.629621666800899593e+00
-2.444266774549232135e+00
-2.446218982997848457e+00
-2.056329499605674904e+00
