1.900705995341873400e-01
2.455979101144315502e-01
-1.507814044793502894e-01
-8.366283559661930047e-03
2.530676772541378128e-01
1.015408630187999706e-01
-2.277753372014195699e-01
4.237952069846839809e-04
-1.835625921107061354e-01
1.903805096756957249e-01
-7.211801771719263954e-01
-6.905592831170730417e-01
-2.912930207012079387e-01
1.104437130045194948e-01
-2.655065389936606679e-01
3.309050850231570751e-02
2.946966886688757170e-01
2.956642841705666158e-01
2.761218273615457797e-01
7.345981761830240320e-01
6.771442007115500150e-01
6.210826453881668208e-01
8.676855338542392992e-01
9.063041573761487779e-01
8.693980007511994401e-01
7.553014543087936961e-01
8.818938254024943912e-01
4.035889828484571229e-01
2.746325980591454163e-01
1.534484178340613791e-01
1.327305424183472526e-01
5.269373313413209248e-01
4.375930337397819780e-01
5.470864480998782753e-01
4.356325647691091096e-01
2.441495890827949378e-01
6.021210606271483190e-01
3.979822211784649344e-01
3.887381618042177744e-01
5.223876958572016838e-01
6.040201979498324159e-01
9.590445761440276051e-01
6.241178244905764005e-01
2.688043263733542743e-01
2.382237701795281160e-01
-4.444010549657320674e-02
4.030393275923022656e-01
5.732714670665237655e-01
5.771153499902363926e-01
4.610990287853339309e-01
3.269209801146246708e-01
2.704506195953922942e-01
-1.142890559130838590e-01
3.080785942469568273e-01
1.070641058281653485e-01
2.782650361842647357e-01
3.083067269609283678e-01
9.639521414832363799e-02
7.282242783342036674e-01
4.987095096291869201e-01
5.835652837736606813e-01
-1.404044964963189757e-01
-8.110507674555270108e-02
-9.881563951700256254e-02
2.015317892685148382e-01
-1.264884296869389635e-01
-7.729153539828317876e-02
-4.057818972460053852e-01
-6.577493306305199905e-01
-4.068059028347066897e-01
-9.051854372526976777e-02
-6.160841672740848818e-01
-1.373674224094749707e-01
-1.014901688310904382e-01
4.447794386164882208e-01
-3.138509452650596887e-01
8.477899284461391793e-02
5.567174485750858715e-01
8.297906731060615826e-01
6.121378095314942147e-01
7.109350005965564545e-01
8.262053395093711394e-01
8.722822918290862315e-01
4.676124204335088685e-01
9.007190979796042551e-01
1.026270867417445665e+00
1.175110406661824092e+00
1.179260474393611702e+00
1.123466543205859258e+00
1.200560201027504270e+00
1.152032320538843857e+00
9.349225855040936839e-01
7.431844932778508550e-01
8.179172714297975322e-01
1.082678928114242378e-01
2.375760321740951753e-01
5.431785002553952690e-01
6.201363005535478479e-01
7.546833326063635550e-01
5.701513071748627315e-01
7.177200252057558405e-01
7.408596193894416704e-01
9.388494428550331339e-01
5.968254180435086376e-01
7.668721110761702597e-01
1.011904161305753780e+00
1.259169211912471775e+00
1.041369165710402278e+00
1.103375479846518514e+00
8.637534020677819502e-01
8.899619170110923960e-01
7.930030564171872687e-01
1.015609145443173489e+00
-1.666005243627366461e-01
-3.949389414880070670e-01
-4.655439874111917953e-01
-4.656929339468341422e-01
-3.393587712213564367e-01
-1.267037419337976312e-01
1.340155498736359529e-01
3.459050353490201180e-01
-1.548024494855627653e-01
-3.049567508095731849e-01
1.916061235042603172e-01
8.599216869452282197e-02
1.545730119064606667e-01
4.997246233031987783e-01
7.074623604298631019e-01
9.013567382616878287e-01
5.026728488615799240e-01
1.146936535276970481e+00
1.452311201744065805e+00
1.413963522551185958e+00
1.323015009553126564e+00
1.305254781356094629e+00
1.417283793903751477e+00
7.911682156280788192e-01
7.859081531338709681e-01
1.201402829927353366e+00
6.777180280926964340e-01
8.700169268232837982e-01
-1.122371488244551241e+00
-1.387315356334457128e+00
2.355487104674702792e-01
5.804197999566362842e-01
-1.309073393988946066e+00
4.816353676459189659e-01
2.745069728700266776e-01
4.623940407609458680e-01
-1.874508358725449186e+00
-2.229317257714846345e+00
-1.317157923802801500e+00
-1.023472554735678886e+00
-1.711980881775936991e+00
-1.666419869025933753e+00
-2.044785421428972239e+00
-1.795576790124742805e+00
-1.671972172705700643e+00
-1.517742194892151897e+00
-1.601062229603868126e+00
-2.315713980430185615e+00
-1.807593274188138643e+00
-5.660342335100436717e-01
-8.382747761761216720e-02
-2.563860010123567013e-01
1.298921077760754605e-01
6.961877574781809574e-01
5.729712320354107824e-01
1.007897634163906542e+00
1.104583405168456878e+00
1.130437493821624839e+00
1.018477691719409828e+00
5.150103405331575290e-01
1.409179717012561728e+00
1.139803801272979422e+00
9.150562418596568381e-01
1.045551376000631194e+00
1.341159727687855296e+00
7.575927011288499102e-01
1.167951844031794195e+00
6.742101371732101001e-01
1.474276824693771859e+00
1.333627031519697415e+00
1.412912101682711752e-02
7.972298638017993877e-01
7.379395372859700597e-01
8.709905254095235971e-01
1.358945841964091794e-01
5.973393180634428701e-01
4.386296687407160166e-01
6.703590223591620045e-01
1.036078128520227626e+00
7.852038429912502338e-01
4.427936121253683854e-01
5.695291056032305566e-01
8.883324872447380394e-02
-4.065503802457931526e-02
8.985725699316252091e-02
-1.100781896105399893e+00
-9.206926316558644574e-02
-4.387828642632009557e-01
-1.377223700777764348e-01
6.427410003303291042e-02
-3.132434156239501388e-01
-6.081695121289167894e-01
-2.005324583248094261e-02
-3.077093326323646627e-01
-1.905285309293205942e-01
-4.867552648671406579e-01
-1.053424625349536514e+00
-2.028969603765129470e+00
-1.254863737214159558e+00
-3.359247843878318540e-01
5.539928884763890837e-02
-2.223273955179155825e-02
3.355354984552246234e-01
4.448100832489088607e-01
3.617083865864382242e-01
5.276288035574192570e-01
5.977766075053290162e-01
8.302175187063416395e-01
1.024380786434559099e+00
-3.497104712155353901e-01
-1.894305859742798193e+00
-6.742488492153988489e-01
6.371243235486836465e-01
2.162412895936462187e-01
9.862896251883270793e-01
5.501242735803468786e-01
5.211507514612369329e-02
-5.561349434679777048e-02
-1.015831841473618713e+00
-1.894222321104550799e+00
-1.749469095675249664e+00
-1.181772831796555678e+00
-7.449949911155651083e-01
-5.950055863810050916e-01
-1.322849534956344053e-01
-1.210017084509693586e-01
1.729261428912962084e-02
3.859179745104807102e-01
3.608618120464738843e-01
-6.364467581699946308e-01
-1.519648138763050715e+00
-1.641156764470225848e+00
-1.331778595540805243e+00
-8.439662987422034135e-01
-2.168747799735494253e-01
-6.302998339271239647e-01
-7.962602087115153160e-02
5.333892334321699291e-01
7.761411656263794701e-01
1.707308674736746634e-01
4.658648206518957169e-01
-7.899530975928896748e-01
-4.396795503335199085e-02
3.731769940614457770e-01
5.083117221744024583e-01
-3.845021638956868659e-01
3.390669075511162922e-02
2.738393080750775033e-01
4.795205991689605041e-01
1.161483659696503468e+00
5.397654007864935988e-01
2.684361938141773818e-01
1.343543920013750448e+00
1.464110320801640830e+00
7.284105263910825023e-01
6.560825405811898658e-01
-3.701012087793945082e-02
7.740446875217981137e-01
-1.781579740344678142e-01
2.199110042993324687e-01
1.623608715743098951e-01
-1.716578977407566819e-01
-4.173707537712482707e-01
1.210365412236700522e-01
-5.035037113080718107e-01
-6.479213452291481268e-01
-8.635775476328853006e-01
-2.511803276521660799e-01
-6.388113197833185097e-01
-5.510131074097703863e-01
-7.420702049969587488e-01
-3.587682955056496481e-01
-7.169683075215524948e-01
-2.545294361935739325e-01
2.789280967787015342e-02
5.181358903977231756e-02
-1.241813302890586224e+00
-2.731635493066621456e-01
-5.905957213450931942e-01
4.558884371631877763e-01
6.988120508655575325e-01
3.236468489641103341e-02
3.692024198840229143e-01
3.000098567905565283e-01
8.293668159665161799e-01
8.783750597324795351e-01
8.618220201069850539e-01
4.169694718032099234e-01
6.703615400317015638e-01
-1.022866199326588066e-01
-6.230525616666364730e-01
-1.408937135824329445e+00
-1.994978067109076880e+00
-1.310198551836880387e+00
-2.006461594030612972e+00
-3.386161579657087639e-01
-2.055011482554145452e+00
-1.546324663533258148e+00
-5.529965899230426807e-01
-4.945184056280769735e-01
-1.379079079010898656e-01
1.813056916728641443e-01
1.977889630036787916e-01
5.264563344846475701e-01
5.384688527341063846e-01
5.358700581169901778e-01
3.989864078205594411e-01
-5.686795987078341330e-02
2.618370133057326132e-01
6.150129419512124773e-01
8.327689966561375723e-01
1.405007999859965606e+00
1.734982597805131421e-01
-1.973988505301757845e+00
-5.532305545572977490e-01
-1.087220255946825809e-01
-2.149282044986220441e+00
-2.886629906545540858e-01
1.774300590039790404e-01
2.297363564704649197e-01
2.577815167898410142e-01
-1.205678756339706448e-01
-1.796364416991902413e-01
-5.017671793965422511e-03
3.605983227323423801e-01
5.012533583526930236e-01
3.380703249000138744e-01
2.649844790422852814e-01
1.486832558988536446e-01
6.304054721768417302e-01
8.367109730776167709e-01
4.678745000072788152e-01
8.797496101274138169e-01
9.462947574195104128e-01
5.024555610429456420e-01
5.332639262149960757e-01
2.792455665245910934e-01
2.853901767338787865e-01
4.053686098035560459e-01
5.388035480438810865e-01
7.447007300603001312e-01
-5.686316213556414922e-01
-4.005942722513576304e-01
1.169293973823939958e-01
-6.476130905950834293e-01
-2.621831638247836826e-01
1.174612351011138367e+00
1.014938956009033388e+00
-4.289763096866494041e-01
2.024394903854947469e-01
5.938745154022112560e-01
3.446263554875133028e-01
8.417205259559878971e-01
7.378602607593474083e-01
4.280130822877986074e-01
-1.157414719210250742e-02
1.180752747517862300e+00
2.563190136583636480e+00
6.236796587733022257e-01
7.068922589071429119e-01
8.880266531904232874e-01
8.898437222981347983e-01
1.003810711944458811e+00
7.596191879999012464e-01
1.042637126216352961e+00
9.501724623153764426e-01
3.720055027199852260e-01
-2.596409474851678056e-01
2.810447008225651633e-01
6.789350429276488352e-01
7.902455679795137300e-01
8.325747578166404761e-01
1.462241700856404536e-01
8.314462604010006697e-01
1.230464756729670039e+00
5.950819573167609455e-01
8.242306803901533474e-01
8.775966593836783680e-01
2.939359908851273406e-01
6.191293063050938850e-01
5.274589225509580537e-01
7.464137767017318126e-01
-3.891198702761155537e-01
1.558721550139100798e-01
8.318106879333508896e-01
7.377225696295441892e-01
4.970183832198331042e-01
-2.779468491861714075e-02
-7.976614023915813423e-01
-2.527438686417811109e-01
1.354381162757182788e-01
7.824806309630512047e-01
-1.833827829986054980e-01
4.568740084774097765e-02
-5.592110717024234567e-02
-4.258018091167319885e-01
-1.389327984536052885e+00
-1.364942957226516596e+00
-4.561186085291528136e-01
-8.750346518123358619e-02
4.936044097719095580e-01
8.910013053705323482e-02
-5.257167322489837424e-01
-3.602624504190374277e-01
5.986490593909800373e-02
-6.355508028886347471e-02
-1.444482781515508796e+00
-4.156533846765947948e-01
1.753965924017839573e-01
5.647939244911290291e-02
-1.152793600196679424e+00
-1.198394484386170689e+00
-1.195156734246591856e+00
-1.048253221512216893e+00
-5.673839487641048063e-01
-1.054943367827313683e+00
-1.742188153224974556e+00
-1.947536405155899208e+00
-1.973603681786795905e+00
-1.666092353885312960e+00
-8.260377187758343176e-01
-5.065115457812772171e-01
-5.464874836938277136e-03
-2.511626988961309093e-01
-3.505697395389530402e-01
-1.149431866126483959e+00
-6.748057118435473178e-01
2.087877115482414392e-02
-8.168029330861916737e-01
-6.381488350431554490e-01
-4.382655360223819963e-01
-1.439268498766738125e-01
5.345224080538031330e-01
5.870051330368332432e-02
-6.845134720586081301e-01
-3.676470402217635880e-01
6.418930272826228745e-02
4.962408820929072872e-01
4.384426173848030017e-01
5.112592574833048076e-01
5.741490127813575484e-01
5.436988291644351268e-01
5.343824873741989112e-01
1.938619136316612479e-01
6.125353723561950403e-01
5.120928600633480876e-01
3.081743935471895068e-01
-1.003010351528401012e+00
-1.672726720277741164e+00
-1.387736589459722225e+00
-1.432150621334789875e+00
-1.733433159445075589e+00
-1.299616319703598588e+00
-2.869786361909691941e-01
-1.036331538077827075e+00
-7.127064876082425116e-01
-7.031562671958035970e-01
-6.244462467986664489e-01
-2.002370882257865414e+00
-1.297788591236376021e+00
-6.364295087234965731e-01
-2.067423275211153211e-01
-2.790854692422344296e-01
-1.304824609321358908e+00
-1.420025949960702860e+00
-1.196010037416031402e+00
-1.538165542745772330e+00
-1.584805441416672567e+00
-1.072455416799072525e+00
-1.630561906555696661e+00
-2.054967761911128843e+00
-1.189638060120726815e+00
1.324462239370414185e-01
2.668816255450464081e-01
-4.239920382401607402e-02
-2.514274007688805934e-01
2.712195832298409659e-01
-1.762691859731581601e-01
-6.451335069351249452e-04
5.215991761113566438e-01
5.368561680456485075e-01
5.762249344908758619e-01
8.223994699724628266e-01
5.188100236097121787e-01
8.314327111524213443e-01
5.610365241101782363e-01
3.660632603729029877e-01
5.380236195500595064e-01
-1.275912570265098078e-01
-1.651649459723823155e+00
-1.117628697224108514e+00
-6.654745943799247332e-01
-2.199145725222642067e-01
-2.067130133005470882e-01
-1.335763749631809993e+00
-9.777219691537157864e-01
2.807907863088432432e-01
-4.117639033960612260e-01
4.958510172892487411e-01
7.332572050726540169e-01
-4.984869232184234167e-01
5.560203898908964160e-01
5.749377200844164593e-01
9.695343361617285716e-01
1.258832156086462151e+00
9.634364317704466885e-01
8.637072290586289558e-01
7.386115217601780802e-01
7.346900234895294979e-01
4.155653368496488587e-01
-3.252402013267601255e-01
-1.626933493972706479e+00
-1.059985205270804975e+00
1.790192168101267245e-01
7.147991764941077353e-01
-1.322256270968742209e+00
-1.071093082315438094e+00
-6.468920951487635573e-01
3.283700211497743437e-02
3.060619001674537154e-01
3.042323996167437539e-01
-1.340859947818756392e+00
-2.122846847655448954e+00
-6.503618120584779838e-01
-1.637865164212051194e+00
-1.141727241017142180e+00
-1.611446348700278586e+00
-2.192528732700735006e+00
-9.515907353063819407e-01
-5.056817766416206172e-01
-9.266270053151521857e-01
1.971263243015858313e-03
5.775994453897383973e-01
5.894483098066136684e-01
5.742793954251047828e-02
5.842228832083041778e-01
5.995093779744273821e-01
-1.138573764667323074e+00
-3.192221759797557179e-01
-1.315368309746277053e-01
-2.363552837544438678e-01
-7.512551636536188848e-01
-1.639297024855290497e+00
-2.179797805291888046e+00
-1.814506083294144645e+00
-1.447156849447489568e+00
-8.283152151366501847e-01
-4.123392918531943452e-01
-5.525216203628031675e-01
-1.758960654115812261e+00
-1.255506707755656537e+00
-3.709916831151171546e-01
-1.275107212855300376e-01
1.930361280478883335e-01
5.451342490673082297e-01
-9.722866829659498888e-02
-9.603380401929901833e-01
-1.020619569882233124e+00
2.231872502555644067e-01
6.148911291332584961e-01
1.802784455184877344e-01
5.473506747468244171e-01
4.908360321813332039e-02
3.994816894870670820e-01
1.125694382059442000e-01
1.048544973995649277e-01
-1.311609843609443660e-01
-3.866857812986666532e-01
-1.239365257816352317e+00
-1.572416985006060974e+00
-2.110410670614982109e+00
-1.884823714529206162e+00
-1.125526564300229682e+00
-9.527243499965249995e-01
-1.721616507328373791e+00
-1.860084524154151042e+00
-1.015617253498185990e+00
-1.524189532544453662e+00
-1.949380273809252939e+00
-1.418557383332468058e+00
-1.633190441720152375e+00
-1.643586714364057233e+00
-2.764829498656832807e-01
-6.956377979996561933e-01
-6.014277701680732502e-01
-3.925930486158825672e-01
-9.776895642287131150e-01
1.977400405121199078e-01
-8.623937044404553220e-02
4.564289562542498957e-01
7.514349470544576803e-01
7.458185930527321261e-01
2.879242796300715557e-02
-5.636974188296015598e-01
-1.093292638673065253e+00
-4.840775848671628467e-01
-1.988822326172591248e-01
2.001910988148164761e-01
-1.528684965345561420e-02
-3.947398687661742289e-01
-1.062217556319958511e+00
-2.359163804874063963e+00
-1.378375183908718382e+00
-1.291021030591815943e+00
-1.272046386124208617e+00
-1.018443175656497113e+00
-1.522016362428852965e+00
-2.192733442745886219e+00
-2.547620931139831679e+00
-1.459482789196766550e+00
-8.624164942569345627e-01
-8.223243769315824458e-01
-1.770210286962432544e+00
-1.391747057720876812e+00
-1.930998307158763305e+00
-1.682978932531225880e+00
-1.884252596162237614e+00
-1.192100071447125931e+00
-1.251155456260948595e+00
-1.625718616962765983e+00
-1.666416940330902152e+00
-1.994555288813659510e+00
-7.682702853030267676e-01
-1.048503463734305474e-01
3.050650984143132849e-01
2.672181237434255729e-01
1.716840207684784125e-01
1.756091740121568101e-01
3.120106366645957197e-01
-4.688748401985773362e-02
1.396325102702922205e-01
-8.277630963982165468e-01
-2.368337335325938042e+00
-1.859008496507223773e+00
-9.979673155945139040e-01
-1.274829337670371654e+00
-8.835890402618027384e-01
-8.960522996079298697e-01
-4.528285658569967675e-01
-1.105193022287327853e+00
-1.044089843146511765e+00
-1.216755513753529971e+00
-1.782655322453365887e+00
-2.238202184199419520e+00
-2.159539623897909433e+00
-1.869826172917986140e+00
-8.626785879247582667e-01
-5.624533885776956676e-01
8.595942558603658634e-03
-8.103833884070885119e-02
-3.314283761471184531e-02
1.671378619130435839e-01
-5.698244353804176043e-01
-9.945930855213949706e-02
-1.527293821803620832e-01
4.088395979872759822e-01
5.310667827008196118e-02
4.441288834558971832e-01
-2.286500349116573072e-01
3.549946440180330454e-01
3.765933715513197777e-01
-2.407091839369658315e-01
6.857070475233877083e-02
1.850576950881565597e-01
3.228313210883181905e-01
-6.662753944442110221e-01
-3.244620738040336350e-01
7.665411346918503399e-02
1.519833973473016242e-01
3.832201333263339782e-01
4.083785173797825352e-01
-1.248130793922824222e-01
-4.288936755483506169e-01
-7.408092855596439819e-01
-4.948706206533265983e-01
-3.128262827307666805e-01
-3.568798225020202719e-01
2.677334524095150714e-01
3.743040035128442633e-01
-3.409859476905269804e-01
-5.163729918773882765e-01
-1.802165151382347563e+00
-1.122738085646546313e-01
-4.143720393973229776e-01
2.081069810441587287e-01
8.983894001788486627e-02
6.181759037189926698e-03
-5.882800245356591962e-01
-7.960852398750424275e-01
-9.466716718714873746e-01
-3.024955957462889811e-01
-4.867040484114537047e-01
-2.973954729037194267e-01
1.399818114047675366e-01
3.089978307654325240e-01
2.388393005250428192e-01
1.172994679650199157e-01
2.281722599851843669e-01
-3.172612334913821330e-02
-2.947700775677863927e-02
-2.156707657978730319e-01
9.779407969183394334e-02
6.827612808208181894e-02
2.477835624330674280e-01
-5.029191087016843253e-02
-4.578627550336040186e-01
2.100542985265210771e-02
2.760256952014996101e-01
5.725302988025245121e-02
5.158078576821822914e-04
-1.697896175028734134e-01
2.886270590749719922e-01
-3.597224364206692004e-01
-1.153349758788045354e-01
1.022680398012116992e-01
-4.752751177677572159e-02
-7.529634160324192305e-01
-3.997417376625825303e-01
-3.633081968631375891e-01
-1.078305053009186998e-01
-2.070261400360492998e-02
1.336730860421889711e-01
-9.561115462884955951e-02
-1.662920452280365891e-01
-2.753786317983770160e-01
-4.869164407956058649e-01
-7.351030711137513940e-01
-4.780143679350121189e-01
-1.196457421486786910e+00
-1.937853363625650638e-01
5.282426111654539014e-01
4.533694533465120746e-01
-3.241268708728468617e-01
-7.194406461084483784e-01
-1.303368522391269657e+00
-5.528193272195094377e-01
-2.472338854069171532e-01
-1.050957664311111261e-01
-2.497181417972101358e-01
-2.052577386332984921e-02
-5.188662219800328490e-01
-1.643958636982708610e+00
-1.702291294670710275e+00
-5.614751018915962177e-01
8.151866120904115165e-02
-1.228948625055942823e-01
3.247068899990805946e-01
-5.559873020741368244e-02
-3.458623493987688091e-01
-3.844488573949028098e-01
-1.810206115877949773e-01
-5.263205164004111647e-02
-4.078211847676280200e-02
-6.535019885472603818e-01
-1.165443115979999167e+00
-3.630074875903381293e-01
-4.729816115779841845e-01
-1.312185295118139527e-01
-1.689834178019006261e-01
-4.591866484243139479e-01
-1.573357070642856237e-01
-1.996010159106408888e-01
-1.687609770684934452e+00
-1.947140565557087699e+00
-1.536442396339589900e+00
-2.458128400377931344e-01
-8.820288634015624463e-02
-3.409639944026743863e-01
2.619973661203287563e-01
4.214570623217064327e-01
4.610796179332857236e-01
-2.393331623813527154e-03
-5.082686745823989938e-01
-6.133852676735602749e-01
-3.824012037944298226e-01
-8.533427950939631579e-01
-1.800253852416138667e+00
-1.497390944333425900e+00
-1.226427879074883931e+00
-1.199858486523432743e+00
-1.347850478516291028e+00
-1.949725395383627768e+00
-1.423959097294669185e+00
-1.540108797768027005e+00
-2.050808662655599246e+00
-1.227663228971258125e+00
-4.451976936080822012e-01
2.058792922737398001e-01
1.583265567513229555e-01
3.780978959365741132e-01
1.842516677909080136e-01
5.397139430266567617e-03
-7.744912037135338601e-01
-7.007501533582620734e-01
-1.920199467759110545e-01
-2.365832399256542207e-01
-5.551782752103875396e-01
-1.571572099358573782e+00
-1.178333013035779642e+00
-1.255125246669550054e-01
1.517800698873015830e-01
6.130691409678761250e-01
4.952833710422776536e-01
1.872501015919454392e-01
4.956216174846130862e-01
7.192755611271732796e-01
9.563073629769276440e-01
6.811851405478190902e-01
2.928603654825103764e-01
5.709844921225570857e-01
6.625253169523357410e-01
7.561620122431667035e-01
-5.146695633388800872e-02
2.958681663317601629e-01
3.548540402336264887e-01
4.011571192571123379e-01
3.406454273741789662e-01
2.135673946221784414e-01
1.295925409269401141e-01
4.596148978770002724e-01
3.596197515702859171e-01
1.789759273541189077e-01
6.127946283907304004e-01
-5.475682493020431196e-02
1.663676614502583029e-01
1.491714078848804526e-01
-4.145600553492184703e-02
3.043182759401406590e-01
6.212855344936654145e-01
5.273713827685848621e-01
-4.583151117174311118e-02
-3.806634934424462657e-01
-2.357904013271315269e-01
-7.758577868450859949e-01
-1.656475451160819956e+00
-2.222548961284835922e+00
-1.205755065081656863e+00
-1.172344127960565308e+00
-1.998918453467811274e+00
-2.361965135007221939e+00
-1.111999227772826560e+00
-7.553423318266080932e-02
-2.617749045729651503e-01
2.424024340467043070e-02
1.368371198246989828e-01
7.306708564459450661e-02
1.320903807862170709e-01
-9.026940621075190130e-01
-7.481570306971974116e-01
-3.233609894968452192e-01
-2.863041734560312079e-01
-2.553427098114439131e-01
-1.890760538299171012e-01
-8.050284033828920549e-01
-2.177688726198126479e-01
-1.996317618995327448e-02
-7.161192857021088098e-01
-1.674436199260110669e+00
-1.013321310006144893e+00
3.925047485441761630e-01
1.364913248061434548e-01
1.428669188023069803e-01
4.790032254079423790e-01
6.839779813914832474e-01
-1.560038567135876852e-01
-1.351023957054254376e+00
-7.543555807039323824e-01
-2.466051858644808803e-01
-1.233253637991511109e+00
-4.734782861714543212e-01
9.076584226091671814e-03
-1.692276996989739990e-01
2.261090021303450159e-01
1.714817331401476408e-01
1.592177428431662545e-01
3.019495514441505879e-01
2.291121752017202806e-01
2.038012912959744904e-01
-1.146244616238544234e-01
2.965879804704909528e-01
-1.064951417570060288e-01
-4.476972484514082917e-02
-2.078256183226269149e-01
1.214149348575696286e-01
1.645678958334037545e-02
-1.315112802376199319e+00
-1.927933276801961027e+00
-2.195501405326275357e+00
-9.131789521837367918e-01
-1.501909466793176717e+00
-1.861479000730502098e-01
-2.675817295114020777e-01
2.411865848833155968e-01
-2.415573093808137672e-02
1.943704998074674006e-01
-2.549004997309459175e-01
-1.277125309384107843e-01
-1.026740021560584304e-01
-1.906723173660754278e-02
-8.909985590881472906e-01
-4.865432433912704746e-01
-6.293771725073231682e-01
-1.167291504211428688e+00
-2.100623784022190410e+00
-1.141291212486077677e+00
-3.942037941089354125e-01
-8.259900747358019935e-01
-6.979286637984150055e-01
-1.835709570412810354e+00
-2.045465882674696090e+00
-1.569214154258557592e+00
-4.179654093607014231e-01
-4.330577024216696880e-01
-2.060949323993807036e-01
-4.176047646931246304e-01
-4.770034513545487465e-01
-4.125103516786931546e-01
-2.702242040741590356e-01
-4.942291221513905874e-03
1.955799777442976672e-01
-1.265571383011560913e+00
-6.481862014644286241e-01
-2.963041358159576588e-02
5.044065944465332685e-02
2.022755677055143031e-01
-3.489116799079086118e-01
-6.758648386745311765e-01
-7.652847817425099120e-01
-9.105652199170890526e-01
-7.253215629091862571e-01
-4.953921600765660016e-01
-3.726747821152165963e-01
-7.084160893972446527e-01
-2.610400888836277300e-01
-3.087040433478407953e-01
2.633397302272632023e-01
7.014597506212398859e-01
6.064164335676833772e-01
6.789091156239264180e-01
5.383715877020635032e-01
7.225117822771300879e-01
4.375227105187768362e-01
-1.107612175543780109e-01
-3.582085865588875984e-01
-1.632589993324368161e-01
-7.894762727402426794e-01
-1.008967693417157085e-01
-2.209872782785637924e-01
2.247461240111020553e-02
4.850915727508408049e-01
2.837272034601988624e-01
-1.260150762284035997e+00
-1.844075224787818934e+00
-1.432582967880513536e-01
-1.404838007004402423e+00
-1.475967235799140909e+00
-7.070672811100415789e-01
-1.164627363724428433e+00
-8.707479894694416522e-01
-3.359990372263384484e-01
-3.331346812515914579e-01
-4.177321054867312866e-01
-9.402567159246890682e-01
-1.153111734687303880e+00
-6.574033407467527734e-01
-1.498472428310485993e+00
-2.112825635705606775e+00
-1.672088969088578292e+00
-3.912639095964386970e-01
5.161109606115112103e-02
-9.457919428832797792e-02
6.659725787742665215e-02
2.831453727400110587e-01
4.708546585419595143e-01
3.814399594788179249e-01
-1.836422948014511669e-01
-1.133596487438945477e+00
-3.321278114617331467e-01
6.317127734201531675e-02
-4.340967530931483243e-02
-1.432191398966538021e-01
-1.033400707572338151e+00
-4.354602375857283270e-01
-3.809247885657906507e-01
2.135331125271947850e-01
3.672247647758479228e-01
3.137557488148762230e-02
4.779517694951154749e-01
2.801030144811156308e-01
2.754804539777484518e-01
-1.570934504708261237e-01
-6.067160615178093241e-01
-3.535503059093998979e-01
-4.730899775830506582e-01
7.133687854641962423e-02
6.664749712004776339e-02
5.450478566469275643e-01
8.957986800062933685e-03
5.049465303192111065e-01
7.484330039644853105e-01
9.664446779923427933e-01
7.735225950136204176e-01
9.082177690247794644e-01
1.122568036816568915e+00
-4.059461450630498791e-01
6.775243937519732640e-01
5.517738504922090614e-01
6.466602288997855830e-01
2.468416727672103628e-01
2.479353234786130233e-02
3.818835895940397851e-01
6.337649305193068794e-02
-9.168503726978730062e-02
-3.482574233065208746e-01
-1.932631735406998286e-01
-2.144190392486747587e+00
-1.610921454639177908e+00
-3.507957592071361819e-01
-3.182955877566280289e-01
1.140222655509076088e-01
3.034013425489363036e-01
4.562112457799260001e-01
-6.935609799378497087e-01
-2.109236292483475772e+00
-1.213900173221604817e+00
-1.576539268654537418e+00
-1.664745925676916150e+00
-6.780907613547801915e-01
2.564615837166524526e-01
6.364679431444988378e-01
4.787813836666189315e-01
3.916131334133019504e-01
-3.865960371214783309e-01
-1.253535280721501666e-03
3.105478385693848375e-01
2.606046301151179745e-01
3.011916507921078567e-01
6.128688844073997277e-01
7.751729534670377397e-01
3.897610246276895785e-01
-1.888673631518315577e-01
7.116172009529703191e-02
-7.694223161867079774e-01
3.866547525617018699e-02
3.539429982874722214e-01
7.791771162231649062e-02
-8.360759222579758898e-01
2.751121538542897760e-01
4.956014196862729149e-01
2.515645443865757724e-01
-7.431285851765270234e-01
-1.249005807603845275e+00
4.431830218413990163e-01
8.166260732384937882e-01
-2.385028298306005601e-01
-6.825350603251880699e-01
2.280656658216501653e-01
7.111681740427184817e-01
6.301583205976887259e-01
5.459283067437126213e-01
-3.690507705890561652e-01
-2.337911584900622119e-01
-1.221177536493478488e-01
-1.033125479074605280e-01
-1.516215526317014506e+00
-3.926004829762033688e-01
-3.118438387089128572e-01
3.369561472564708282e-01
-1.723438339399363528e-02
-6.352412192290610715e-01
-1.193368070150492954e+00
-2.818232483178168546e-01
5.375541982651284023e-01
7.159295135429832868e-01
6.631913682145114119e-01
8.855114905903047617e-01
1.584027102306518886e+00
-2.755036810163060124e-01
2.083453588528445255e-01
-5.693909673571548868e-01
2.370464265336673648e-01
-3.859572410444431223e-01
9.915712306929485020e-01
6.263093521453613199e-01
-6.539934182166280419e-01
3.855430342330018467e-03
2.114666065813780582e-01
6.019631458960460202e-02
3.427994885397906977e-01
-3.552007992249602286e-01
9.898492541380723431e-01
1.260208958955812308e+00
-1.697717750471143261e-01
-7.047697191893198543e-01
-8.692936375770823343e-01
-1.258878765040552627e+00
-8.894166833515861903e-01
-7.168383134115652311e-01
-1.334435189849545456e-01
-3.328112731302723670e-02
3.094281304886344897e-01
2.613794997054465497e-01
1.850148793259965840e-01
-4.438123265858391897e-01
3.174873958414425323e-01
1.744952722934914879e-01
-2.051347740456981317e-01
3.353951657450687796e-01
-4.988326401174497660e-02
6.511659202089139509e-01
1.016239516150163474e-01
5.043663258077140110e-01
-4.630071670357832070e-01
-6.787576959525132292e-01
4.703499657679933998e-02
-1.174063235276881501e-02
1.415173459866051753e-01
-3.823772412461565184e-01
-5.702266905129687036e-01
-2.703421410691972393e-01
2.257226736795032163e-01
4.675524711880373885e-01
9.477578180379879758e-01
5.689440238960526974e-01
2.283710808448775331e-01
6.993414411045200119e-01
7.436020510144720763e-01
1.341406811497056761e+00
9.377471649409188093e-01
8.188105377572576504e-01
-7.874966778414111968e-01
-5.222125817510231416e-02
-5.280782316087504480e-01
-9.263792520943231468e-02
3.604734257717776003e-01
5.914993060576618777e-01
-2.367218546283174074e-01
-8.631866882060601487e-01
-1.434513611506399888e+00
-8.919627218257664136e-01
-5.179561605522048362e-02
-2.034579997105588345e-01
4.100951227463514592e-02
1.955847369769501409e-01
-2.156693235815413390e-01
-2.770039035618824808e-01
-7.382994957544061765e-02
1.143292813969373350e-01
1.173147881064787040e-01
5.854626814143677471e-01
4.036265379086105276e-01
1.203675475131040784e+00
1.245522507283665314e+00
1.217918083590878497e+00
1.123752746663113422e+00
-3.224880182097395465e-01
-4.233294681220087230e-01
-2.870780909991607621e-01
-2.865066386029746504e-02
-3.791536187922107115e-01
3.510011816656409267e-01
7.011326693224941842e-01
1.167655611767480783e+00
1.208974911326447188e+00
1.318840943791432574e+00
1.202152313445949749e+00
4.930825831002309534e-01
9.509955289782257015e-01
8.479940955961711158e-01
6.616793497196360452e-01
4.479398451969533457e-01
6.179659559554588899e-01
3.298948157285971350e-01
5.319401592644008581e-01
6.526377872873199149e-01
-1.821852379963889712e-01
-1.043199334390094712e-01
1.577855607901669510e-01
-3.596095047682765222e-01
-3.864921750393698896e-01
-3.531487328073989462e-01
-9.705645310074695331e-02
-6.767270691375206759e-01
-2.241248860218823524e-01
4.607596243203657127e-02
2.684363812252570369e-01
1.172781296220234137e-01
-1.223634282955870511e-01
-5.292124281285701115e-02
3.976529611368680162e-02
-4.908894198710134771e-01
-1.086081409106901763e+00
-1.406833343725219621e+00
-1.051136208191189469e+00
-6.438275709973850791e-01
-2.789753121010659642e-01
-3.707870371515837316e-01
-3.865042717906093661e-01
-5.665370170021994944e-01
-6.994362219540579684e-01
-4.054395572836209660e-01
-1.864564779746885059e-01
-2.429559812939421914e-02
3.185794071615981604e-01
-2.701910573933219428e-02
3.601889358570947719e-03
-7.103911507875707021e-02
-4.134491360692714168e-01
-2.456780015941285589e-01
-5.398013067387668062e-01
3.913779898192202289e-01
5.039082832441290627e-01
5.352474760346879190e-01
5.931301150529659783e-01
5.931074972324734684e-01
1.857411322119522645e-01
6.063842716277041411e-01
5.261757675044681504e-01
6.712001837766081724e-01
7.915063576619787433e-01
5.210488970622870752e-01
5.120509890728158764e-01
4.792052189077160573e-01
2.340749097966059455e-01
-3.471041239688983371e-01
-2.875404478470861558e-01
2.554756135914174053e-02
-3.239371723422594940e-01
-1.113814771732075104e-01
-6.791816150938678742e-02
-1.209025367178151456e+00
-1.482756924418540345e+00
-1.639758271346834384e+00
-1.832713908788615509e+00
-1.725447040522360309e+00
-2.013900169119022365e+00
-1.489293760168556968e+00
-5.695283352148532430e-01
2.168225600175973100e-01
2.894506999612619369e-01
4.361458645675315715e-01
3.358708906944510852e-01
3.982966507357822428e-01
6.320993508052310528e-01
7.376828177368726092e-01
6.451513272958487866e-01
3.293710974578284434e-01
3.733229505553906646e-01
9.473162798970122256e-02
4.466493144577045604e-01
-1.093234992723485233e-01
-2.841265426785258286e-02
4.683540209090648054e-01
2.641374541687191990e-01
1.063673532395975341e-01
-4.396991297296479195e-01
-2.477301018822388734e-01
-6.972198377261537572e-02
3.948017416872992014e-01
4.217253898813362323e-01
5.883280136118330672e-01
5.899984993809034295e-01
4.650033615175079849e-01
4.321293881127105108e-01
5.168157178803300944e-01
4.630135001732106903e-01
3.433683617685578948e-02
-2.598959693925236847e-01
-6.885044039427562490e-02
-5.649182825663086049e-01
-4.386093582034786276e-01
-7.180238160200891340e-01
-3.771898990940866780e-01
-8.174830620453377161e-01
-5.320023100790278736e-01
-7.045257643681184234e-01
-8.446574244761171357e-01
-6.919849865419640533e-01
-1.549064421782654799e+00
-1.726228028399634296e+00
-1.604844475602624110e+00
-1.908721919262456934e+00
-1.712029493243069966e+00
-1.727973379808362298e+00
-2.162804378357790380e+00
-2.217302147847323379e+00
-2.229200722180471494e+00
-2.395253701348986741e+00
-1.921105961347157498e+00
-9.486955381350290484e-01
-1.243445000073526430e-01
-1.452363456673777753e+00
-8.432843539206946737e-01
-1.496708877895839063e+00
-1.898607149125610016e+00
-9.772678021200187359e-01
-1.949495429310738048e+00
-1.630013328507640358e+00
-8.590567140836018467e-01
-2.247055717397002939e-01
-3.398552319621815920e-01
-8.085244736649488395e-01
-6.316041022416478690e-01
-1.418508786310296310e+00
-1.385517584291791726e+00
-1.247483154758656898e+00
-9.672647952663608883e-01
-9.146522522433941926e-01
-6.923065164500419311e-01
-4.235735936863080364e-01
-3.404535132763064076e-01
-5.139895260363480656e-01
-7.410828647860107088e-02
1.299732012969213313e-01
3.206508699999235379e-01
-6.205267521544358122e-02
-1.862544407583690553e-01
-4.708554696127986161e-01
-6.049889623536053307e-01
-2.225282059215142327e-01
-3.328632040421228289e-01
-1.682024908064165158e+00
-2.060477363430592401e+00
-1.381977799391755246e+00
-5.768716490513905448e-01
-6.684704483798578067e-01
-5.968185483170036498e-01
-6.965325670501812394e-02
-6.945265438576952999e-02
-1.203455955606650973e-01
1.864609726090817599e-01
1.257003255670693931e-01
-8.428802887274544631e-01
-1.685224818397713431e+00
-7.660771052702752826e-01
-1.727146022853209284e-01
-1.211829401753839575e+00
-1.233894661327821884e+00
-1.542500603322293884e+00
-2.100147415399331585e+00
-2.082901794260807904e+00
-1.556708654955502480e+00
-1.462782667247908508e+00
-1.197639890205663304e+00
-1.030504865306927753e+00
-7.628702634074222555e-01
-4.766046484851284570e-01
-1.020364136793420196e-01
-7.068478630608903135e-01
-7.327410061415704501e-01
-1.389564905665274352e+00
-1.124539828953081688e+00
-1.382874351728520912e+00
-3.916401746563017983e-01
-3.863257464181652501e-01
-6.808442914903061194e-01
-2.948217442965988533e-01
-1.363707637797263450e+00
-5.052085271986295201e-01
6.419979543984405401e-02
-9.922012178341339528e-01
-1.262690235477744283e+00
-9.657776784866476394e-01
-5.449884998221210530e-01
-9.060415837567623587e-01
-1.497026646987238863e+00
-1.169246754293907786e+00
-7.031978117569872566e-01
-7.890891129901804746e-01
-8.276805760616854357e-01
-5.850319226095581637e-01
-1.788936451433340569e+00
-2.052441415018899651e+00
-2.360822585048569788e+00
-1.300370057704011595e+00
-6.161627971714220831e-01
-1.314362026420017870e-01
2.053323317900888623e-01
-3.387639963903763540e-01
-1.425004161623057986e+00
-2.186271294292751577e+00
-2.582450430037091849e+00
-2.872844766682680184e+00
-2.004972293618633383e+00
-1.712998501393413475e+00
-1.541164689943270050e+00
-1.586661435547342514e+00
-1.296809271581566447e+00
-1.784413982045648828e+00
-1.421194772055262012e+00
-1.511138885610210592e+00
-1.509337860650543872e+00
-6.324932219818404366e-01
-2.134740151851443613e-01
-3.869706762697517344e-01
-6.446911272766580048e-01
-3.010649054951909376e-01
-1.238196613280947656e+00
-7.926145709073491030e-01
-5.808533613116355632e-01
-1.170792559032049596e+00
-1.607041729040432188e+00
-2.030063590177728194e+00
-2.312616692515317762e+00
-2.243341145601613018e+00
-2.176323622716465067e+00
-2.027154571805688033e+00
-1.726048216701556060e+00
-1.382980350185368135e+00
-1.077942345547776792e+00
-9.558755707403963076e-01
-1.166392187951765136e+00
-7.545174341925422468e-01
-4.361679176369891997e-01
-6.594885769963684807e-02
-1.133758805579269557e+00
-1.321293204971338620e+00
-1.680040475403301370e+00
-2.023688923428369701e+00
-1.145700412792328704e+00
-1.237580694595764808e+00
-1.687804963344500253e+00
-1.539670905244238996e+00
-1.814528545761456613e+00
-2.137109895891807110e+00
-2.120737780185475430e+00
-1.649100752695108918e+00
-1.166772986107274868e+00
-1.372762789896129654e+00
-1.899898409519812370e+00
-1.550296735157631778e+00
-1.012343971918159058e+00
-7.223711835671517978e-01
-8.937641488529530776e-01
-1.047491255433089075e+00
-1.884573918236652323e+00
-7.088916704644738775e-01
-4.528043119363613367e-01
-3.152503289556289334e-01
-8.631493806706053151e-03
-3.683434496809810388e-01
7.523649307150419296e-02
5.430605013680283033e-01
-3.499084623675833283e-01
2.311826918311287726e-01
3.180288728693926315e-01
3.295858479513629202e-01
9.989498638007565656e-01
1.252867367682507282e+00
9.871496533479127145e-01
5.041920238719528324e-01
4.296623376944863071e-01
-9.926954538870929046e-01
-2.620681034137288812e-01
-7.991055225174441556e-01
-2.928300648967668840e-02
-6.641364098776481040e-01
-3.188404192316553476e-01
6.387909102266398076e-02
6.907664523470524731e-01
3.289469714358231878e-01
-2.486352737215244968e-01
-4.166797430388517465e-01
-1.121319880110133393e+00
-6.676629804705556115e-01
1.340911962435794580e-01
-4.020034155353103267e-01
-1.675048702667894518e-02
-4.257299853161519709e-01
-1.213478086855602212e-01
4.285019261998878615e-01
3.982315926829018693e-01
2.471462007846489950e-01
3.832170821435038066e-01
1.114169089546166447e-01
3.385252710315046487e-01
2.267376335819688837e-02
4.783998682833875415e-01
5.528984592619571314e-01
1.782913451335799426e-01
-1.427241219174505860e+00
-1.808046106216932625e+00
-2.197347896264473910e+00
-1.213683923934377518e+00
-1.155559483048596459e+00
-1.183129823936072578e+00
-1.748763139711487780e-01
-1.278718779134712658e-01
-2.416065677185555982e-01
1.851052747817505673e-01
1.734121708334191436e-01
6.810085365029336923e-01
5.062440215968520008e-01
4.086528569523499577e-02
5.585467258380323319e-01
1.250519261011624472e-01
6.762231423954807863e-02
2.774756889553319228e-01
4.280832820520731885e-01
1.913326624942685850e-01
-1.689456234864760154e-01
1.567729080670385300e-01
-9.653062414065010088e-01
-5.114372627855843234e-01
-7.165291274040558323e-02
1.073007120029009775e-02
-1.905215571320851287e-01
-3.366648052362293808e-01
-4.371123619409656436e-01
-3.292440035013955435e-01
-2.557593526545509643e-01
1.503339062180942542e-01
-3.736642776725071502e-01
4.478745703285558766e-01
3.444931411875005178e-01
-9.634397121186928370e-01
-3.066367703214509244e-01
-1.643561894202517193e+00
-1.013606148179304167e+00
-3.217577107642601852e-01
-2.152801720373123673e-02
4.425104787587061939e-01
6.358655051994763774e-01
2.399318638324181574e-01
-3.615717982646126649e-01
-1.470854866950856987e-01
5.090519610748948098e-01
5.413739451173126271e-01
-5.984829285145376598e-03
-9.819506470844199253e-01
-1.381488664267625177e+00
-2.166905726554653189e+00
-2.396646635695756089e+00
-1.194823490789818976e+00
1.057512505238435430e-01
4.143551198695544224e-01
-1.222705253100125899e+00
-2.317054002864701534e+00
-2.340429440865640309e+00
-1.493361218118976153e+00
-1.198649375599556421e+00
-8.249363485720253575e-01
-7.061041928536204715e-01
-6.362977126534885564e-01
-6.191449080231807844e-01
-3.637767660296727379e-01
-2.889421142760141836e-01
-4.290287200413114843e-01
-3.215003754857974072e-01
-2.356110720239567025e-01
2.998140906894130042e-01
-3.336939364655197582e-01
1.606275409754017724e-01
5.618347111585306752e-01
4.316030988572548965e-01
5.906665135491548924e-01
7.363977557867897872e-01
8.681024450638037404e-01
6.245657696307498341e-01
-4.266622996327342210e-01
-4.509102990846257097e-01
-2.829661580960889378e-01
-1.680683465861039894e+00
-2.104349965536810529e+00
-2.828461609533344578e+00
-3.162261796706617112e+00
-1.939181877190429892e+00
-8.273952033170315357e-01
2.245413090804365686e-02
-5.443072342747184988e-03
4.667081386649870045e-01
7.668741533434746405e-01
4.746931703087587384e-01
3.795957713352711149e-01
5.066856606610909974e-01
5.761547945206904053e-01
7.060323794785281493e-01
1.222831193503148006e-01
-2.484274710860709945e-01
-1.046199714451532037e+00
-1.257983985598822851e+00
-1.764659905863577904e+00
-1.818295377754518549e+00
-1.364833578524216717e+00
-1.230549578444270153e+00
-1.025504501641446353e+00
-1.705432109468374868e+00
-1.271786840347639558e+00
-4.759172018678579641e-01
8.575400448599238001e-02
6.442337550826822135e-01
4.598847211146008807e-01
-7.992658519636133829e-02
6.106778520235298102e-02
-5.014092154098159781e-01
-5.176750487249106580e-01
-5.045026314493181729e-01
2.817016948589590730e-01
2.667272809803731271e-01
1.799558563363936325e-01
-2.638879409903537865e-01
-8.169400195385749797e-01
1.748693852608933508e-01
3.691948586126595488e-01
8.770110097973264907e-01
1.249476507789195612e+00
1.404379986218142973e+00
1.108800514403231796e+00
1.170057342381020771e+00
9.892169972427746760e-01
1.329825657147635676e+00
1.201637888362036222e+00
1.309867691111212373e+00
1.223377068637005127e+00
1.510546014768701983e+00
1.281611572782646480e+00
1.338650373086765377e+00
1.516123938526571235e+00
2.091378030978897851e+00
2.377108861753903568e+00
2.216699698343763458e+00
2.429586268366129787e+00
2.246276749339805701e+00
1.514098428048870515e+00
1.891083512914435882e+00
1.378197041255763144e+00
1.019858730031773186e+00
1.343970475399729025e+00
1.179976382947999891e+00
1.511011059487646691e+00
1.511567765187278978e+00
2.140357746599903965e+00
2.440226495508297511e+00
2.891610339663297946e+00
2.876438430815292602e+00
1.591811453997425074e+00
2.014673497133628866e-01
-1.814764404175677859e+00
-2.417246812930253341e+00
-1.822698975307484925e+00
-2.016724525054198303e+00
-4.650554385728386531e-01
8.247294135280054395e-01
5.303322989717427216e-01
3.002965260010610482e-01
6.498500245592693236e-01
7.496861428154835139e-01
7.203092604684844247e-01
8.107138826085551475e-01
5.571122051133020614e-01
2.874625868538604467e-01
3.636667288722216229e-01
2.825652093877062399e-01
6.124311751716070562e-01
-2.500282327627190160e-02
-2.402354077182490832e-01
5.450323791447910793e-01
8.012209355452843962e-01
8.548158981823534841e-01
5.638676964056241747e-01
6.195388170622102564e-01
6.051653302632934439e-01
1.313631148938584570e+00
1.181376029977905917e+00
1.664648057882516907e+00
1.369684330023399177e+00
6.112149094141400285e-01
9.508829624738008857e-01
1.739056883061633973e+00
1.368162609528215556e+00
9.109439488440647104e-01
7.881969707430149796e-01
7.964351758914702817e-01
1.127403675557595575e+00
1.060712639409516100e+00
1.253316409658393082e+00
1.567915996075972762e+00
1.175575345853319131e+00
1.352445477329311974e+00
1.590582659135261201e+00
1.705286490417017964e+00
8.750041084655675316e-01
6.719560895161087455e-01
1.247791545284530290e+00
-1.343172732875513420e+00
-1.589296448493392688e+00
-1.226359013301117074e+00
-4.370756945689642792e-01
-7.579757902299832928e-01
6.006138281851326755e-02
5.353710986737002520e-01
8.748269535452748991e-02
1.226120270945217472e+00
1.273465208731475284e+00
1.740033261731821490e+00
1.970102576677975392e+00
1.949984718032518050e+00
1.408741642247810288e+00
6.275081051581511415e-01
7.907896351208785202e-01
-4.040191306704511987e-01
-1.223089334600638178e+00
-2.401960650773079298e+00
-2.170150604143298523e+00
-5.422704583607889095e-01
-2.023905078256807766e+00
-2.249459137802112263e+00
-1.078608149409726602e+00
-8.340451932588381911e-01
-1.737674591911728461e+00
-2.464213343471955309e+00
-1.981128228930872259e+00
-1.302198693517813810e+00
-6.653890525920653776e-01
-2.788117163271533472e-02
5.457292629906942971e-02
-1.407635740407363056e-01
-5.014642896790597604e-01
-7.778906575169926008e-01
-2.377623214794584161e-01
4.012210654696261591e-01
7.972442180324423866e-01
1.156930554216308638e+00
1.042677977952315427e+00
1.045043165408656938e+00
8.500202612724174767e-01
9.306330526138499870e-01
2.903485503423122727e-01
5.285936274194155127e-01
-3.015120730175230301e-01
2.037469407612895189e-01
3.838353780431913442e-01
1.909022241717275858e-02
6.861040290150830501e-01
8.339692515396555095e-01
1.194333737929512473e+00
6.033994925182341040e-01
1.063118331468986932e+00
6.810017348030870110e-01
8.406464772390185303e-01
1.671921473093309629e-01
4.443080766095255929e-01
1.120403029653527782e-01
2.606289238222005145e-02
-1.978637821436332600e-02
-1.446166634936305373e+00
-7.690597766486328979e-01
-1.582852727838737428e+00
-2.198807928208265317e+00
-1.193709649182456367e+00
-5.879171170845201022e-01
-4.585875837000707445e-01
-2.277931661732351731e+00
-9.220840627170467929e-01
-1.254636341290641832e+00
-2.136611115548386675e+00
-7.736336753674835087e-01
-3.278799346111540003e-01
-4.846890894267586458e-01
-3.503329415811615166e-01
-1.089731419194555295e+00
-9.018415925877185657e-01
8.419472035019553990e-02
-7.570511912763697726e-01
-1.188116628646812556e+00
-1.877408980828773943e+00
-1.265127156988684609e+00
-1.459507361031957551e+00
-5.561248458568150976e-01
-2.248676756317774750e+00
-1.101821883919605671e+00
-1.447957685722980559e+00
-1.242624519918452242e+00
1.945226733693141141e-01
1.365721148609063906e+00
1.544407749115537465e+00
1.732676821372268083e+00
1.205888260518860333e+00
1.007979473885386446e+00
-3.465552021730419208e-01
-1.077702214808978098e+00
-5.436333961156789574e-01
7.647433096333622338e-01
1.074153874715222834e+00
9.518474727695420690e-01
-9.470560237570726514e-01
-5.280499610970559310e-01
6.813555090940661696e-01
1.087609682921409471e+00
1.370559678064754650e+00
1.181546468749294920e+00
1.335780000507450493e+00
1.411363093494852672e+00
1.150012495554592951e+00
1.627897252804366923e+00
1.354726465643388389e+00
1.296130537550546746e+00
1.306417707704104592e+00
9.097055337175519174e-01
-7.103312221865882847e-01
1.191927780187795327e-01
9.456303878066563140e-01
1.692962240699808607e+00
1.062749110492226867e+00
-3.241694349432061584e-01
-2.238689565975807483e+00
-1.740703602357491997e+00
-7.817854442279243976e-01
-6.951859374660165347e-01
3.317520818834616136e-01
5.262163174330316551e-01
2.669090066298521746e-01
2.558344249434993944e-01
8.815176025590326647e-02
5.497534301156938030e-02
-9.357685323823897172e-02
5.297268726048397491e-01
8.218883928533458061e-01
6.443335994727417138e-01
3.378793299926723948e-01
7.227129909373506411e-01
1.165909761339965378e+00
8.600563817895163776e-01
3.208875177927463795e-01
-7.840063697014860722e-01
-5.034760975979939435e-01
-1.539415535055619122e+00
-2.051717465523606343e+00
-2.382067940882333090e+00
-8.394759354821541564e-01
-1.794876852383384680e+00
-4.458831300800650266e-01
2.987922708961933682e-01
7.744388194294518080e-01
8.957963372069726038e-01
6.151757843927221359e-01
4.553712385679490882e-01
7.437183857794975317e-02
3.759890959252165654e-01
8.977292259760640825e-01
3.658364077162979955e-01
-9.535112680840980293e-01
-5.864826313157136539e-01
2.670163039518485548e-01
-4.455918839003293885e-01
-1.898831610920131530e+00
-6.976857500326048012e-01
-9.077226224684225020e-01
-3.127116723357552530e-01
5.444817309440633801e-01
1.509687721020040563e+00
9.714364941816207022e-01
5.720815919177553166e-01
-6.138453101943719403e-01
-6.107552703279688355e-01
4.368500000051698251e-01
-2.985948060412441096e-03
-1.847095930815627618e+00
-4.934184354803248795e-01
-2.595687307500865182e-01
-5.888856485239444272e-01
9.217636939763549364e-01
9.087724661628973077e-01
-1.161635658972300700e+00
-1.154206362966234023e+00
-2.607297332066000006e+00
-1.952590474838971746e+00
-4.473946976032208700e-01
-8.314779335499546953e-01
-1.192444998868090078e+00
-6.167452892125615538e-01
-3.750390368760687099e-01
-2.214745310206592821e-01
-3.265945937737746441e-01
-1.431201069001217241e-01
-8.592501887803283278e-01
1.158853218534164342e-02
-6.395198834938845001e-02
2.571052090395463674e-01
2.879162643007614486e-01
1.087526111116157712e-02
-6.297408835068554200e-01
-3.356021059579008536e-01
-7.208312581762059690e-01
-1.572097031606682238e+00
-7.018695272411148434e-01
-7.866392389607694824e-01
-9.373052883553829595e-01
-2.638386678303224486e-01
-9.723054471101602036e-01
-8.703674467040243279e-01
-1.701304921588120966e-01
7.015671421100926342e-01
9.307571983940015059e-01
9.963922265472660023e-01
5.778932265090228615e-01
7.231443571114248847e-01
4.351913140856214501e-02
-3.899692057139512724e-01
-4.166890406742740915e-01
-7.023319297227896829e-01
-7.457913954220496411e-01
-2.290102504113630255e-01
2.151902619065049205e-01
-4.829421968104266605e-02
-6.216644081007769440e-01
-5.162404185517301958e-01
-1.745826286285508289e+00
-2.735818375326519281e+00
-2.465325514749496794e+00
-2.515979295203007560e+00
-2.225232312791235234e+00
