3.074867162707946577e-01
2.146795251399113702e-01
-1.777343925370548638e-01
2.248478490909391891e-01
2.191543563424943331e-01
2.116782751897752779e-01
-3.093128662566609066e-02
6.115182254734972261e-02
-8.034456008658671933e-02
4.391558607411558124e-01
-7.052913101165114718e-01
-5.445050716205321883e-01
-1.982898518228576323e-02
-3.626856717031284177e-02
-1.295568289772957571e-01
3.595786962276611987e-01
4.533310087445137082e-01
3.730674659022791828e-01
3.819985758903331474e-01
5.112261029218087005e-01
4.842140738718480053e-01
5.085889753973343863e-01
7.675554986495122245e-01
5.872561740073627412e-01
5.656201077313318670e-01
5.697538448348385964e-01
8.503384699260090329e-01
3.907055411459270378e-01
6.392713076194532773e-01
8.940470018851191802e-02
5.814058102089249280e-02
4.094659360230119005e-01
4.115290214040293604e-01
4.189962121939653783e-01
4.940473201721554131e-01
4.175331253070641013e-01
4.984117361395264956e-01
3.859409031734046813e-01
4.126347537257523124e-01
3.849535902714460445e-01
4.383022570237934956e-01
5.861807248119340619e-01
5.347348936573051992e-01
2.039943648007397359e-01
2.435528657059386759e-01
3.028553544369812917e-02
3.366698406318939796e-01
3.390791698821239986e-01
4.955768837508111591e-01
4.489207786111094056e-01
3.834150424113095812e-01
5.898165100458175880e-01
-2.605498451374765323e-01
6.096208639682678676e-01
4.191803507409996299e-01
4.798823413605527444e-01
5.443338640040618071e-01
6.404557878738495469e-02
4.087268350086679658e-01
4.700355025833583555e-01
5.515624125118963050e-01
-1.366198466338378603e-01
-6.264048626130344632e-02
-1.358849094948565428e-01
8.728135255349502020e-02
-1.241549739710419847e-01
5.533089096185005856e-03
-1.029954818940533312e-01
-3.516466561013292247e-01
-1.978446969001834144e-01
8.027862161197386881e-02
-9.338756946119670943e-02
-3.802125157166081487e-02
1.310043743152360975e-02
3.050552086336930091e-01
-2.710969776540996801e-01
3.548269600282718539e-01
4.393438484948349876e-01
5.366291976303633193e-01
4.089593161825003653e-01
5.926437862915292509e-01
6.885680271409578834e-01
6.895809235832659478e-01
4.180632458690708986e-01
5.807717000877491431e-01
8.352021754256022668e-01
9.502632179036945015e-01
9.553602572901981338e-01
7.290962769340962879e-01
7.879879761551115136e-01
9.207310586307755340e-01
5.819754123317237848e-01
5.411042779487114096e-01
8.326968935550489448e-01
-7.329663555677663755e-02
1.306510816900931793e-01
3.698684169675042210e-01
5.438510690191548091e-01
6.765464442615983787e-01
5.659927835716045408e-01
6.160886594635829328e-01
7.745297364405904217e-01
8.169455126098428277e-01
5.373858901771317864e-01
6.503583844852579565e-01
7.488456419070022019e-01
8.728399354421457756e-01
9.086895282832700982e-01
9.257662677810702956e-01
8.712373420267021107e-01
8.006756326999986406e-01
8.228385016318164880e-01
9.912040690802444987e-01
-3.940049873283461568e-01
-6.561486678222653302e-01
-3.813951731356977626e-01
-4.086865103247345754e-01
-2.039151045036995957e-01
-2.012077001001782162e-01
-2.961052394852021347e-02
5.268944939215864515e-02
-2.464736103540375936e-02
-1.784429034943051107e-01
2.208941646818929905e-01
3.488681558704732205e-02
6.447825227168153817e-02
4.088147259661274457e-01
4.382395891538666266e-01
4.989665711719040164e-01
5.016632345805526194e-01
1.003273417805140122e+00
9.079352811199238316e-01
1.042738786510896132e+00
8.068754808191945793e-01
9.656323953661026804e-01
9.878752400509356324e-01
5.835589461107083542e-01
5.078452858173916340e-01
9.972078969786258851e-01
6.492587587771270208e-01
8.830443609980821451e-01
-1.070710342294496131e+00
-9.923049992026647947e-01
7.344976858659016394e-02
4.111063399007692243e-01
-1.030007443757048557e+00
4.610797045975709718e-01
3.075072836598803372e-01
4.173882031821596339e-01
-2.191293498286603469e+00
-2.337635700011449824e+00
-1.308156126924043372e+00
-7.954718316048942084e-01
-1.463797803365638028e+00
-9.733474614937617231e-01
-8.420081545323876426e-01
-1.348723978427194270e+00
-1.001888356446225758e+00
-1.303142158020250241e+00
-7.265472984940689605e-01
-1.773602304140401875e+00
-1.297946515989386373e+00
-1.913106215841362256e-01
2.178697374786977420e-02
8.435040359299969537e-02
1.410215178916900958e-01
6.000055131466506264e-01
4.328502425165232648e-01
7.211526191895195614e-01
8.035197195849829166e-01
8.906363961145635777e-01
8.245303000783394953e-01
4.259620269938114712e-01
9.386469651194428998e-01
9.730741365995412284e-01
6.545389567973947109e-01
7.797934668799498814e-01
8.261706325303397325e-01
4.213941865421246824e-01
8.184747352265688836e-01
5.744611321596194697e-01
9.872716849778366832e-01
9.778547646744354394e-01
-3.268861407505495031e-01
6.671309865207198930e-01
5.695627555692635013e-01
6.000872642212206065e-01
-3.175874377426857881e-02
2.395111490173804369e-01
3.153971232087101617e-01
5.421111367711380913e-01
6.005470496988141171e-01
6.386863937635315347e-01
7.159551134887827128e-01
5.415031596293680138e-01
1.306310487970974710e-01
-1.414593328040975560e-02
7.533778135546179144e-02
-8.172759871532920828e-01
1.532737655165733980e-02
-4.356358690675213308e-01
4.491939442342560715e-04
2.236754227423385644e-01
-4.176633225836790531e-01
-1.883975832849200949e-01
-1.360426315054934499e-01
9.374133444869835186e-02
1.874736949867186198e-01
-1.521726304285209719e-01
8.381090701087078321e-01
-5.117784083890998259e-01
-7.337911333776522271e-01
-2.514374380391823371e-01
1.649660735074339746e-01
-1.032408732784298039e-01
3.143349470207802421e-01
3.246816342007432521e-01
3.012209262726029957e-01
2.014829119746940067e-01
5.775150164265765440e-01
4.997982578179871460e-01
7.434527082041816337e-01
-3.615629211102023288e-01
-2.320103708907524265e+00
-4.619932420303763387e-01
1.450034836880920441e-01
1.793247005015344009e-01
7.577884505709501228e-01
3.046893574012180528e-01
-9.137432344154523822e-02
-3.363382170348001576e-01
-1.190024190918111735e+00
-2.091067935682461520e+00
-1.751484773272516726e+00
-1.120083981919783200e+00
-7.788770011034027441e-01
-9.668719230474183135e-01
-2.131187815016275522e-01
-8.650573468869379723e-02
2.766479074519339054e-01
3.811351552973971657e-01
3.494981142274137809e-01
-2.792121750237308020e-01
-1.181562379985237277e+00
-1.813622668152904405e+00
-1.137736653046617086e+00
-7.657495529273572465e-01
-2.623255877638329125e-01
-7.455301679667253323e-01
-1.468895928452716992e-01
1.813883298979656056e-01
5.011039520515008228e-01
3.153222793069305335e-02
1.391892834638656096e-01
-1.097524104220029217e+00
-5.188278332195245257e-02
1.304677713494929725e-01
3.243826797811961149e-01
-3.229758285421029940e-01
8.100686802276499399e-02
3.819790546273706400e-01
5.913983460606131448e-01
8.448499549001877718e-01
3.776451914291766854e-01
3.017015200967482300e-03
7.916737670517456360e-01
1.037517824854434112e+00
5.234094024407450751e-01
5.225792201869049469e-01
-4.674227585644949445e-02
5.393422883405998292e-01
-2.902857133437981019e-01
1.988271899180625232e-02
-2.864358412425617451e-02
-5.384399438950783212e-01
-6.429368257837821954e-01
5.754279855337751312e-03
-4.617423083306283482e-01
-9.919113326223714111e-01
-1.064780349752378008e+00
-2.742812136414968793e-01
-1.032366584862494774e+00
-1.016355167651531666e+00
-1.043504101521517846e+00
-6.618746384731722943e-01
-1.067984286626411095e+00
-3.880608833339856956e-01
-8.647822672218018203e-02
-8.653848299484076523e-02
-1.280678683721116151e+00
-2.465439812934692998e-01
-5.383929898656544255e-01
2.899179509631505391e-01
5.203484549068974063e-01
3.768380327056644608e-02
4.255033143057487255e-01
4.937084819963035720e-01
7.290347131644009382e-01
7.944739291345593868e-01
7.984446584332229868e-01
2.612609481594281857e-01
6.331352603763584774e-01
1.178679177331962979e-01
-7.362287902805594308e-01
-1.478818772360276812e+00
-2.204126140298840131e+00
-1.397853547733659330e+00
-2.456475112813054640e+00
-7.119061980689435076e-01
-2.520861975833132096e+00
-1.354956887102380936e+00
-7.203027326298510058e-01
-8.416005719266337337e-01
-3.458979459078033170e-01
2.721630396580170252e-01
1.500246968842581241e-01
3.987142928047744395e-01
4.723184453793847215e-01
4.668136912294738594e-01
1.655732560935944397e-01
-9.482945638996888305e-02
1.702167046982008825e-02
4.446888229581260621e-01
5.134099950313200100e-01
6.460267238348498253e-01
4.157447558414241739e-01
-2.205264867667865225e+00
-9.565316456846421067e-01
-7.140414398496112147e-01
-2.483076084451798060e+00
-5.692275235182088222e-01
-3.989763354946226914e-01
5.694533588463910473e-02
2.202431427458149960e-01
5.172651381744035326e-02
-3.230101739578025710e-01
-2.323206346917186527e-01
1.694859384934023494e-02
4.680339481169850102e-01
1.980317499259909020e-01
2.110564927219870379e-01
2.407514506510763375e-02
5.544890829574673496e-01
7.115418387208566342e-01
4.274661814734461163e-01
5.903577955502588015e-01
7.996671608335844672e-01
5.356505535850093480e-01
6.170162625555427605e-01
4.461737044274732278e-01
4.621872073143950543e-01
8.398516778074867351e-02
4.577287440865409618e-01
4.341938080661096877e-01
-7.354985396122413199e-01
-3.037581732656293720e-01
-3.257738289320232794e-01
-3.709075608515714495e-01
-1.867554316955077343e-01
4.402177134846448348e-01
7.305915946121465110e-01
-7.524987946867344180e-01
8.224922913521462431e-02
5.719431949139220928e-01
6.819700911730433579e-02
6.203201452688568152e-01
6.175938884578164867e-01
4.390260662039822126e-01
-4.674537355088434661e-03
7.354467873805761169e-01
1.334346732353860254e+00
9.243764360538489488e-03
3.273939564375014100e-02
8.562579268991722392e-01
5.888391297188252382e-01
6.752475555401109553e-01
6.590867030395242132e-01
8.753301381089221289e-01
7.096352964531498220e-01
-5.298962973209295213e-02
-4.678772531608178520e-01
1.370580063295751272e-01
4.447660370955119902e-01
5.963134329069101902e-01
6.516006492738897204e-01
6.689674326074936117e-02
6.616545730857383845e-01
8.939337554026707267e-01
3.959014212856418746e-01
5.469076075125588465e-01
5.969265113058633831e-01
6.129205562411873393e-02
8.839115360484747774e-02
1.267821870728484124e-01
5.410339039253359017e-01
-1.168484258633433193e+00
2.679891956971953149e-01
5.905589089643998868e-01
5.830994605528859731e-01
3.738802176078790951e-01
-1.026604122983294440e-02
-1.021811273289489730e+00
-2.194679629972854928e-01
2.525621977657709905e-01
4.449437136523997638e-01
-1.957306127403473928e-01
1.794313029329585030e-01
1.081125379579929574e-01
-1.135504833584876222e-01
-1.839631948622302060e+00
-1.283970645699130886e+00
-2.030777910247048845e-01
-4.784475362585470515e-02
3.636216147359033202e-01
1.903168744215370245e-01
-2.033520163482905874e-01
2.093506235140628058e-01
1.841916687628443114e-02
-4.760548895991869034e-01
-1.948296018843667765e+00
-3.139385644819084331e-01
8.563182057671810121e-02
-6.654314914205286535e-02
-1.682705067625632767e+00
-1.527962126482145244e+00
-1.708834434192607610e+00
-1.097248657703661978e+00
-7.391335701681390757e-01
-2.238707883116274888e-01
-5.826137425627644362e-01
-1.253474484948152723e+00
-1.390996502893414144e+00
-1.420462987676230915e+00
-5.998949047112490662e-01
-1.798077197960910312e-01
2.339278508845763216e-01
1.193313697132218770e-01
3.303832982227035697e-01
-1.472707216113368078e-01
-3.653651117133407400e-01
3.389095727818426940e-01
-8.184527146361536554e-01
-6.371956823672948467e-01
-1.043904674587038534e-01
-1.598903069953003242e-02
2.152373884695607253e-01
3.727739428379216458e-01
-8.357663136009233495e-01
-5.337571820845016246e-02
3.259575112139683761e-01
5.398481868342352996e-01
6.557638410865601619e-01
6.869990945267478999e-01
9.121416166350226895e-01
7.670045145519484020e-01
6.229654050137483079e-01
4.557568974739275025e-01
7.136922335491776570e-01
6.449039641028021519e-01
3.478771852599244485e-01
-1.283360528441746418e+00
-1.869257066351122543e+00
-1.196123438254637739e+00
-1.152266712422760131e+00
-2.072542937191331092e+00
-1.668840722464443704e+00
-6.430731661390138854e-01
-9.846449911124989240e-01
-7.563657060362640738e-01
-7.449329109928790604e-01
-7.639759333520227402e-01
-2.254020351673860834e+00
-1.218894066168868529e+00
-5.329806574733103597e-01
-3.165555791570524580e-01
-1.035597367855521228e-01
-1.326876184638471123e+00
-1.340695074053168900e+00
-6.057160309946688637e-01
-6.952425543226985472e-01
-5.847318127905307694e-01
6.379689604872322561e-02
-8.937369872469524967e-02
-1.753580350465586468e+00
-8.692142814681524943e-01
1.978854076054393230e-01
5.274443402250053037e-01
3.235514131410014427e-01
-9.765108461435061116e-02
3.061269633695614667e-01
-3.050278705867315865e-01
4.206787307646966956e-02
4.191418615599130093e-01
3.239882680080327093e-01
5.178655726049822272e-01
8.226589534453908614e-01
4.554563896801346878e-01
5.724823198024305837e-01
5.087820460839820313e-01
4.381287555908544018e-01
8.467673243042015407e-01
-5.546927514460534177e-03
-1.143723610752881648e+00
-4.444993619883351177e-01
-1.597295604057426821e-01
-4.448981566218456613e-02
-2.030156729968949914e-01
-5.818892658132454043e-01
-3.714070581226815992e-01
1.035881773386636631e-02
-1.300294550543928118e-01
3.188417576931596997e-01
4.731657826990517401e-01
-3.858471522123304576e-01
3.614712916227726947e-01
5.278394434035122984e-01
7.249345169297269909e-01
1.097399009011778226e+00
8.991082087496807818e-01
5.512111493825200270e-01
7.604837224595043521e-01
8.262345605493074396e-01
3.423425711834462981e-01
-4.009992146646030320e-01
-1.902716215379914866e+00
-1.018143074160943407e+00
2.016162672288001889e-01
3.787518787474559168e-01
-1.879671894845371227e+00
-7.522042970499519532e-01
-5.993668412515745780e-01
-1.129031306398773915e-01
3.782183725119721562e-01
4.173389883107385123e-01
-1.945788034759628360e+00
-2.227517862223174383e+00
-5.405215075051447160e-01
-1.810756628126858336e+00
-7.330442014779547932e-01
-1.726153844827650774e+00
-2.494913950669134017e+00
-8.374368683103112776e-01
-6.434463999187408634e-01
-7.905980331190667343e-01
-2.069525803528513841e-01
1.360111530019411930e-01
2.574415821159322659e-01
-2.980751025826532397e-01
2.391260070828420126e-01
2.452312906328948938e-01
-1.858289453731361229e+00
-6.291772705465575877e-01
-3.904950828275653985e-01
-3.190132594503473085e-01
-5.492092619860793334e-01
-1.268848301579663440e+00
-2.080979133138114001e+00
-1.426841959270336746e+00
-7.365773648179846367e-01
-5.031766225295772887e-01
-1.709607681250636113e-01
-2.155871846831558525e-01
-1.522623911562215326e+00
-1.246591151635536798e+00
-1.421018678136364843e-01
-1.460301058494838655e-01
3.360247966756204629e-01
3.096685319864259101e-01
2.885554689597382150e-01
-1.293941062799526920e+00
-8.715451198634019958e-01
1.177448409443917071e-01
2.787693063171309271e-01
3.573785579494143660e-01
2.824297800108250822e-01
-1.769671801581880199e-01
1.543730421454455604e-01
2.414807643557545791e-01
3.089844406241092911e-01
2.471335135092164736e-01
-1.245892674993123589e-01
-3.348360718684453285e-01
-9.783642197668133145e-01
-1.805882812690901229e+00
-1.695935218864314420e+00
-7.309116170377960575e-01
-2.391532012368506599e-01
-6.806808696530373126e-01
-1.374462572826747442e+00
-1.259976076731241790e+00
-7.522553298884886441e-01
-1.298659053222684934e+00
-9.683135267582200501e-02
-3.016846909064491156e-01
-9.464589515679219245e-01
4.418340697034299838e-03
-1.024411275143742861e+00
-4.207415578787019883e-01
-2.721048711423950661e-01
-1.081559577840425446e+00
-1.916979626594766950e-01
-1.558472462401941094e-01
1.348355505473060878e-01
3.704299652459504544e-01
6.170685463099406798e-01
3.523165068130580668e-02
-3.146905189613238840e-01
-1.323336127154827846e+00
-3.400590761622582781e-01
6.703736304374792454e-02
3.244476680407953340e-01
3.437277658041698603e-02
-2.006145221112191346e-01
-3.799491774165432711e-01
-2.489961775617548501e+00
-1.419099531046899010e+00
-1.442003296745637320e+00
-1.452083458848629327e+00
-1.169676922988720724e+00
-1.375374023152329261e+00
-1.447238615146495322e+00
-1.769074663872008735e+00
-1.375184853540979413e+00
-8.597936584610900157e-01
-7.753451994216841170e-01
-1.500964090686661701e+00
-9.593851496821234059e-01
-1.706145967458849944e+00
-1.544644191373529152e+00
-1.839799619397512132e+00
-6.613339957074481079e-01
-3.549831815060583984e-01
-3.725964354743533380e-01
-3.462968349452328898e-01
-1.159308535908011528e+00
-1.388840775013442941e-01
2.237162068593697151e-01
2.726715865698735586e-01
3.301045146413392750e-01
3.018519578585153740e-01
4.264747839781793948e-01
4.258263803486883048e-01
3.314312092320849112e-01
4.164157744126850691e-01
-2.630448734860854065e-01
-2.018949048262996815e+00
-1.738067023292649393e+00
-1.410469439987605433e+00
-1.300946870352428508e+00
-9.312291367897642669e-01
-8.330690824273814243e-01
-5.848786898365208042e-01
-1.240615512220409000e+00
-8.118685049018222744e-01
-6.396654377117373391e-01
-1.301756465027392284e+00
-1.504378916530719090e+00
-1.357847492141122769e+00
-1.288073019185876245e+00
-7.253680407034392152e-02
-6.676432037767314476e-02
2.382721511159512362e-01
2.436920789773414642e-01
3.751074032325640850e-01
3.858590224306018279e-01
-1.220474116434206557e+00
1.663728002730653910e-01
4.668364075866151403e-02
2.368977457992621771e-01
1.254916351537426478e-01
5.240610121319456693e-01
-2.756809065852533838e-02
2.962323323145690246e-01
5.536810561077539772e-01
1.229993665528353666e-02
2.245214768488356660e-01
4.606899123356364978e-01
5.553009004437339247e-01
-1.081678699290959278e+00
-1.575933013601689969e-01
2.210609014476054568e-01
3.732311691198484938e-01
4.907654384691991223e-01
5.023311414273599063e-01
7.301548152964348892e-02
-1.098124951912179785e-02
-5.163165270095756432e-01
4.165241562583365392e-02
3.445982889773566704e-01
-3.702541740399938330e-01
4.159872451361053547e-01
2.722341352456834063e-01
-9.713318928244524253e-01
-7.010979282683771352e-01
-1.739091783720233764e+00
-1.449912606173351937e-01
-6.497998106324822665e-01
5.538580013406542435e-02
7.873616180021503208e-02
-6.062217804929494192e-02
-8.737362921699991514e-01
-4.765198088583095792e-01
-9.832609773881345605e-01
-1.245675193077943749e-01
-4.522396168852889087e-01
-3.383189953654270471e-02
3.030715895586165720e-01
5.230453449892656925e-01
4.680301110755674121e-01
4.638774863730357190e-01
4.800678388750316827e-01
2.537529081841400913e-01
3.030753499157191055e-01
1.743624022623379566e-01
3.942294071520244803e-01
4.812109290683635465e-01
7.520173642990616303e-01
3.582756020474717751e-01
-1.527706746321700060e-01
3.074807199540715019e-01
4.354084511265641777e-01
1.469221054611210553e-01
1.849540312747487425e-01
-2.473745244839710769e-02
4.416212377372706888e-01
-4.158181794911173235e-01
9.930460413702255074e-02
2.397575713740516534e-01
2.298439523406565488e-01
-1.276021172356442301e+00
-8.087939873214171349e-02
-5.221218791186725550e-02
2.287710514475283230e-01
1.232432083815381968e-01
1.926347585849331190e-01
1.841641232811071227e-01
1.358680872768545100e-01
2.797370663932588486e-01
1.242862530285074180e-01
-3.360746975116484792e-01
-2.622920097206428158e-01
-1.315464945880829628e+00
-2.318961051609242513e-02
4.590143561846753983e-01
2.826831017182416805e-01
-4.023867056512819840e-01
-3.781332987796274248e-01
-2.766278631100185237e-01
-4.952358171027373968e-02
2.506159979861996012e-01
3.234759935216072746e-01
-1.954970980427186700e-01
2.873507883524361040e-01
-7.260345032457773407e-01
-2.072256557590018922e+00
-1.773832735151779305e+00
-6.543890325163613797e-01
9.397316820742096510e-02
5.962444221202105321e-02
1.940579846801930297e-01
9.866315393276112178e-02
-1.085144953258893180e-01
-1.491877396714134107e-01
2.513888744578192044e-02
1.515386489300175055e-01
1.981312318774268166e-01
-7.435426123526726050e-01
-1.303807294609022671e+00
-2.408514508984829772e-01
-7.128922656548417058e-02
-6.523852944217237160e-02
2.520437942706635903e-01
-3.186599217537748330e-01
2.356344333500643151e-01
1.570901599288258843e-01
-2.122945791892749678e+00
-2.172701122494141046e+00
-1.736024673538564933e+00
-4.305503813937452962e-01
-2.065974708587273723e-01
-4.975777746971274396e-01
1.997969877383692916e-01
3.697938274021067562e-01
3.005608753371227237e-01
1.557470361316268814e-01
-1.373665477601145324e-01
-6.804062306479065070e-01
-1.109403600318103617e-01
-5.052885197290083452e-01
-1.143853238341671741e+00
-5.510108440100677241e-01
-1.175291458820034718e+00
-1.373171219040685287e+00
-3.662168920825705776e-01
-1.316975851261388719e+00
-1.218865763344836317e+00
-2.955165471365723828e-01
-2.099027923748356450e+00
-1.431271008243446996e+00
-5.725963601210755094e-01
2.043981930422254095e-02
1.382761700997760523e-01
1.721190760778822659e-01
2.272466818013472722e-01
3.077113969052674980e-01
-1.066211694389134879e+00
-7.593769718457178408e-01
1.189778204315605631e-01
-5.542351896173441927e-02
-1.750529879104265052e-01
-6.967958994545542240e-01
-1.205600676466154431e+00
-6.579629117350345446e-02
2.241090103957858182e-01
4.024204821983731750e-01
4.563381078436946070e-01
3.478896386853584377e-01
4.488107807178935427e-01
5.964709014137119514e-01
8.356112507285891056e-01
5.166632567491935557e-01
3.686423041755197416e-01
5.305909787665239463e-01
5.550527390428837693e-01
5.308609949302168785e-01
-5.363298003605103392e-02
3.745554266313508296e-01
5.218150299389547886e-01
4.318676040260989168e-01
4.065458193948617294e-01
3.357516073753963326e-01
2.208909926486011255e-01
3.566544260222903051e-01
4.316342899162526892e-01
9.737910577221522979e-02
4.709064440337589752e-01
-1.021987609685696269e-01
2.147793033980683608e-01
3.696820789260700235e-01
-6.954318011939693289e-02
3.270949943687650463e-01
5.078728448884781699e-01
4.068821923422397124e-01
2.363330445143482506e-01
-1.281029430018270077e-01
-1.170637077271661081e-01
-2.430497643682262010e-01
-6.664062728239917854e-01
-1.721281098102614315e+00
-1.298154046440997078e+00
-6.045184481463976578e-01
-6.206079938162945009e-01
-1.971379460634440806e+00
-6.484248439511590689e-01
1.642222475955531225e-01
-7.939423081026143747e-02
1.415914548258786765e-01
3.635467173952253717e-01
2.219907763474605611e-01
3.339971980133652485e-01
-1.248606705214098778e+00
-9.242460380109265294e-01
-2.291267334362797614e-01
-1.726213180205496689e-01
6.242311082216692869e-02
1.745014596174293553e-01
-7.469232534002375745e-01
-9.535081739501136133e-02
2.350285781036750288e-01
-1.246051266513750422e+00
-2.145865294097084597e+00
-9.525775276653860590e-01
8.515970043963841385e-02
4.564820082459455225e-02
1.444683224194575899e-01
7.022519594884346628e-01
5.616543442546139131e-01
3.018771816322805487e-02
-1.640956645847363449e+00
-5.887636780317615504e-01
-1.754611033584852764e-01
-1.566028204451835659e+00
-1.652264294920207932e-01
3.164061063643261451e-02
-1.035591315581606102e-02
1.749462360316114962e-01
1.799049011275060672e-01
2.068018518278612328e-01
4.554363968681694463e-01
2.677657779447654707e-01
6.230708726101226169e-01
-4.102392684171105031e-02
4.782299402360171703e-01
1.515441220529621658e-02
1.132141135767415069e-01
-1.285536835016354018e-01
2.006072900353573496e-01
1.453741479272537170e-02
-1.179186004636423979e+00
-1.372451708590064268e+00
-2.131210840699216735e+00
-9.282851569295944572e-01
-1.534896172055457253e+00
-1.700181524113893172e-02
-5.779223572712640644e-01
-7.617073096402610100e-02
-1.445978298483939217e-01
8.064551182179483186e-04
-2.601144082418889725e-01
1.319247539711966288e-01
7.523785164214980004e-03
1.330104602431454175e-01
-1.271176980750628127e+00
-2.719777829447908024e-01
-2.693317440590141110e-01
-5.068254472337752059e-01
-2.270291485017790656e+00
-7.054083737202251347e-01
-2.067552820704083028e-01
-6.063371674607018758e-01
-3.096348449473786402e-01
-1.893179236395073239e+00
-1.770986845771947538e+00
-1.238151103262273400e+00
-1.441751667737568021e-01
-1.041473965580836658e-01
-4.663296395395669092e-02
4.261378822571196268e-02
4.729829841110997357e-01
3.588391808335103517e-01
8.316160340432071640e-02
3.593875601618407023e-01
4.285550209974404168e-01
-7.573633570660469605e-01
-4.345702888335448710e-01
1.453190864737235743e-01
2.243671231387335263e-01
3.140947550616788875e-01
-1.394097107867322827e-01
-1.870226875692268531e-02
-5.166196678116263125e-02
1.937080278363134123e-01
7.587429742837144275e-02
3.233660560898752312e-01
-1.320823582307029953e-01
-6.906886965719077898e-01
-9.580702228470977522e-02
-1.066724353896958827e-01
1.796370611738699885e-01
4.195751395421756791e-01
4.312375431029271122e-01
5.421573123653602444e-01
4.977170325717253374e-01
5.488790169187608425e-01
4.947057272061383126e-01
4.312913369275392372e-02
2.287801459956355365e-01
2.739601044731791446e-01
-2.837094111229216953e-01
2.511364282590664576e-01
1.358585216499747783e-01
4.430683221155387042e-01
4.904457496849498610e-01
4.258310002799700622e-01
-1.299384432647188170e+00
-1.199961740865270965e+00
-4.809363659566784355e-01
-1.102601420474016658e+00
-9.403370834004941559e-01
-3.177626476481577589e-01
-4.672970272941555647e-01
-3.134190768764775203e-01
-2.850117128622082704e-02
6.291677879797798190e-02
2.226380411323892750e-01
-4.853188824735459733e-02
-1.276393364862113411e-01
7.351724184316862365e-01
-4.345883857522991889e-03
-1.423889799673083267e+00
-1.369221356176092197e+00
2.335164963184567163e-02
2.887376818294526415e-01
2.943250148730148785e-01
3.535766410703936047e-01
4.094524556879627353e-01
4.971405951549698332e-01
5.017931739610071995e-01
-2.616169574007382037e-01
-1.230999917217866946e+00
-3.060937255465810414e-01
4.085526168885671161e-02
1.694427690496038974e-01
-2.561504274683321699e-03
-2.376667071035765133e-01
-1.280757431372405997e-01
-2.186743340946994962e-01
3.909010417939494664e-01
4.095540472077379146e-01
2.887534264978883769e-01
5.325381314609818340e-01
4.548834825592702469e-01
4.250549099232850958e-01
5.771406030510314866e-02
1.832887877420014133e-01
4.832765254843929825e-01
9.082853224482297927e-01
5.214716887522964361e-01
7.445917384763213465e-02
6.542900793473517274e-01
-1.244099002705752050e-01
6.853207909668819209e-01
5.072753445384912130e-01
4.917251842893069491e-01
7.101398882070284468e-01
6.884884787326218669e-01
8.989473634324410822e-01
-1.034043407614376076e+00
3.652598615525343706e-01
5.951330694936529664e-01
3.146483123489319800e-01
4.147586165746207539e-03
1.566140538708588603e-01
2.172981034288404001e-01
8.284625777022792958e-02
-3.959280521319383239e-02
-1.571794582215737257e-01
1.308169501637851395e-01
-2.153830741420909245e+00
-1.336554966904160979e+00
-4.715994153689068713e-01
-5.342322475790152181e-01
-5.384373537394749470e-02
3.255546708808314538e-01
4.297010966108708030e-01
-1.488309306093664741e-01
-2.014557984439028004e+00
-6.618212369979598053e-01
-1.331490522715526703e+00
-1.351336023173306256e+00
-5.166663102526056761e-01
3.063916765735897330e-01
4.263382323391315398e-01
3.042100681661479289e-01
1.548856006240362237e-01
-8.438374254965047561e-01
-2.006969799446979286e-01
2.405709580709068929e-01
1.824494382384001800e-01
1.300545012462710759e-01
4.733067227644149888e-01
4.707771244759743623e-01
3.710435606748654913e-01
-1.662048620786651665e-01
1.021387827756778527e-01
-1.323050012506038486e+00
1.516526293730093844e-01
3.393149401218796268e-01
-2.942560414837028238e-01
-1.018966923543578318e+00
1.391470332867734416e-01
2.358034278239339865e-01
6.967872642793219995e-02
-1.011610461382836057e+00
-1.258674626617204195e+00
3.174524732991695908e-01
5.066950299108394784e-01
-1.248964301246462627e+00
-5.916490248092991511e-01
1.670367949327197787e-01
3.852081626006771953e-01
4.328993578532809305e-01
4.569892641774827013e-01
-1.253028391361377114e+00
-3.606372602202040922e-01
9.947389161922727888e-03
-1.743621309368929562e-01
-1.472764895563561494e+00
-8.299934927349462976e-02
-5.920059625688279398e-02
3.519536200409315030e-01
1.996855327298508592e-02
-2.726396502818029255e-01
-1.397527152033086473e-01
1.610284483909145414e-01
3.499454700485903902e-01
4.671097574372707339e-01
4.717115256465420070e-01
5.273903927329461894e-01
1.059827683013241373e+00
-6.214838585300992424e-01
2.931968691560095652e-01
-1.241816117629587879e+00
-2.043635394806862793e-01
-2.820725179543247529e-01
4.134428947944218669e-01
2.623291565846870843e-01
-6.100931328759301442e-01
-1.370472285157328107e-01
3.839319091380102855e-02
-1.441385574651143399e-02
2.764731262143186319e-01
-2.423943545710781355e-01
5.659835933384830264e-01
8.253203871289066518e-01
-3.755082885416222149e-01
-6.431112649909885848e-01
-1.631044693112582600e+00
-1.159096010256238429e+00
-6.252072619158972611e-01
-8.749930617673193911e-01
-3.391587987964864853e-02
1.302197288920341200e-01
2.953067487921719469e-01
3.780454197181034592e-01
-5.159754146735338193e-02
-3.664113148117854601e-01
2.463950019087160770e-01
2.510655357907694007e-01
-2.292198744885510786e-01
4.109571065885386787e-01
-1.382572263784004885e-01
4.383122737159033666e-01
1.059789347295497092e-01
4.611566476041077389e-01
-3.284258478257788827e-01
-6.377476197447038420e-01
1.190766632723227192e-01
1.342676225438163840e-01
2.268627849003643504e-01
-1.827610993197561207e-01
-6.084036844958452123e-02
-2.042723458212430676e-01
2.858688223882466239e-01
4.750011243613618261e-01
6.014380329452824192e-01
4.139169802111850593e-01
2.984872983427426241e-01
4.405700468463810138e-01
5.043265968965385815e-01
7.289632295898162972e-01
3.305936349123088092e-01
3.475835884345332971e-01
-1.734853336630895138e+00
8.351588505242711624e-02
-1.044727692799212626e+00
-4.018380666634244897e-02
2.093179424471034722e-01
4.414140854659979185e-01
-4.356866729413361172e-01
-3.783225484083914125e-01
-3.071914091836698280e-01
-8.939063710340289237e-02
2.917978689666665404e-01
-1.665673903356886809e-01
1.279062149172938978e-01
3.449687655689306909e-01
-4.621141923746221319e-02
-2.545448526638344200e-01
-6.432074011157463966e-02
4.523562783700117024e-02
7.856005693990384851e-05
4.686397710674943817e-01
3.087667497075504142e-01
9.568655427933638880e-01
1.029874885749105795e+00
8.395579582410032105e-01
6.147134803678099280e-01
-5.744528781183668720e-01
-4.773265256927877731e-01
-1.823120018034039558e-01
-2.128111557097980833e-01
-2.748125756980323575e-01
2.212053688980724908e-01
4.476951453124728419e-01
8.016538187861094178e-01
9.376865187794678480e-01
6.936170945853996628e-01
8.285721345586484210e-01
3.391315071734023467e-01
5.465166387582581775e-01
5.006866407600620850e-01
4.458424066424420129e-01
2.339929350315244488e-02
6.052286631225535229e-01
2.573730795293532325e-01
4.360742421253337442e-01
4.355697318100331672e-01
-9.984425847397179199e-01
-8.344563652681069588e-02
2.015994926734968745e-02
-4.206448533394840927e-01
-3.611533951977265455e-01
-1.379172380617819660e-01
-1.294984614375778720e-01
-4.523196464828415642e-01
-2.896738749864024021e-01
1.808420604283680067e-01
2.450675004871689100e-01
2.731051443420774438e-01
-1.493566618476283303e-01
-2.686930913030124990e-01
-9.516858022807310469e-02
-4.083070405071210773e-01
-1.125554450415092500e+00
-1.325467563443744723e+00
-8.583064494101588782e-01
-7.271632824024772956e-01
-5.878335795787567042e-01
-4.881784780285790548e-01
-3.715578665276221826e-01
-1.661537559160900512e-01
-1.361637637535319523e-01
8.065400268225365876e-02
2.425334130881000028e-01
1.238824950120242657e-01
3.343260824840545986e-01
3.487307047245029601e-01
1.815336278746762788e-01
1.815205044983368987e-01
-1.393844854075383111e-01
3.013374411451708035e-01
-3.824042408711574859e-01
2.744027584233673100e-01
2.346882039885999915e-01
5.341403321526365655e-01
5.589067220367955890e-01
4.184533654403315150e-01
2.509517472556548334e-01
4.057923711855304094e-01
4.519831085769764334e-01
5.371964092644273547e-01
5.679071998471805216e-01
1.183285884479155087e-01
1.053067085762545568e-01
1.263112625741110995e-01
-2.193583703236257239e-03
-3.489564849787984979e-01
-2.928454028225883632e-01
-5.599855253616223966e-02
-1.001252868245357530e-01
-6.258834407103122666e-02
1.090045719762639115e-01
-4.108535163014083724e-01
-2.893505966259450335e-01
-8.414176385092486665e-02
-5.583287090886259740e-01
-4.977492644676065892e-01
-1.275149894900081460e+00
-1.329836353293534223e+00
-4.493536318211460157e-01
1.357022265469597366e-01
3.403236880255505054e-02
1.830081210244182688e-01
2.164978286276002806e-01
6.831484620466363178e-02
4.906052279771407343e-01
5.277775817006561399e-01
4.390132893606141784e-01
6.509302785815317127e-02
4.360448017842992185e-01
5.900632029974919174e-02
3.658153641114617605e-01
-3.600620224765364030e-01
-4.322942588515538143e-02
2.176918134627458812e-01
2.384363821881916867e-01
1.586832981088801345e-02
-3.440235389638436891e-01
5.160016428447193604e-02
3.438956015721235382e-02
5.087221473937958427e-01
4.520656761119071221e-01
6.527013380413471122e-01
5.931955685759304764e-01
4.282285307160103582e-01
3.640548312803487119e-01
4.950930428315079013e-01
4.634126984885585943e-01
2.554970679100188047e-01
-2.427245314365477302e+00
-2.467256138220117023e+00
-2.285877669509742915e+00
-2.474842520573058202e+00
-2.459809905052739332e+00
-2.463332404381733287e+00
-2.328751230027757302e+00
-2.464825114004110418e+00
-2.419818804977117654e+00
-2.388487257103215633e+00
-2.302353851286615516e+00
-2.456199023720992525e+00
-2.334913928299506392e+00
-2.346549735099191736e+00
-2.419817436420811596e+00
-2.454794575293004932e+00
-2.408122689186960041e+00
-2.481443749159432777e+00
-2.458508019190277949e+00
-2.440685595936945784e+00
-2.342117944865047097e+00
-2.411596126146989594e+00
-2.457765534267363883e+00
-2.327183748087613413e+00
-2.410424710785410873e+00
-2.456431488171793021e+00
-2.291618217636977484e+00
-2.456848098436442474e+00
-2.452449341374876468e+00
-2.330017388577600101e+00
-2.458718309131388668e+00
-2.416681563559576862e+00
-2.454230809267364144e+00
-2.451541169531262110e+00
-2.454234697424540368e+00
-2.434141487648195046e+00
-2.402817666628115134e+00
-2.401611780344223845e+00
-2.463332404381733287e+00
-2.395129158560663551e+00
-2.283979857388530821e+00
-2.405324833573889265e+00
-2.461695491502945199e+00
-2.429509432770470934e+00
-2.463217742028470880e+00
-2.458231405132484060e+00
-2.383385455179603873e+00
-2.390886112521322548e+00
-2.381309314828726542e+00
-2.381309314828726542e+00
-2.455591498755965940e+00
-2.461319929907259230e+00
-2.460756163881617997e+00
-2.386962058618367077e+00
-2.382907005808801326e+00
-2.414539453685987436e+00
-2.398851066149646272e+00
-2.421117278127464800e+00
-2.316455407516934795e+00
-2.376852554976950582e+00
-2.462768638356092055e+00
-2.405324833573889265e+00
-2.470918786734674022e+00
-2.464679897720001733e+00
-2.383385455179603873e+00
-2.387137673708886965e+00
-2.482383796284205246e+00
-2.429999464950463040e+00
-2.415122656856074190e+00
-2.399266546426094937e+00
-2.408657083756658768e+00
-2.462989124821128861e+00
-2.494494868273124055e+00
-2.449340000163535258e+00
-2.421117278127464800e+00
-2.332725182499846728e+00
-2.283979857388530821e+00
-2.382944526238680361e+00
-2.389038198969243965e+00
-2.412596301184612990e+00
-2.463332404381733287e+00
-2.414068333076432982e+00
-2.383385455179603873e+00
-2.405324833573889265e+00
-2.467256138220117023e+00
-2.461492272428626560e+00
-2.421117278127464800e+00
-2.414233214063401078e+00
-2.283979857388530821e+00
-2.463332404381733287e+00
-2.459142618957986137e+00
-2.407337308048363322e+00
-2.470918786734674022e+00
-2.316455407516934795e+00
-2.474554466989104196e+00
-2.457667639106842827e+00
-2.459565451228054922e+00
-2.388859870739578728e+00
-2.320932404211916822e+00
-2.405324833573889265e+00
-2.330827370378634633e+00
-2.407337308048363322e+00
-2.352780297440054014e+00
-2.414975668296810873e+00
-2.415666332152235807e+00
-2.459188046014710860e+00
-2.526594391221036240e+00
-2.425041011965848092e+00
-2.411261041886747503e+00
-2.425041011965848092e+00
-2.418156947901784370e+00
-2.405535514182607137e+00
-2.425461112806496899e+00
-2.513316026234042599e+00
-2.460791336086454173e+00
-2.456489131750831945e+00
-2.460227570060812941e+00
-2.409000816636469366e+00
-2.464432146944198099e+00
-2.314268123725288007e+00
-2.320429359989024221e+00
-2.409000816636469366e+00
-2.383023042050537388e+00
-2.316043702643513669e+00
-2.384469724723528472e+00
-2.407363903757681278e+00
-2.464432146944198099e+00
-2.407611654533484913e+00
-2.466488622592215574e+00
-2.466488622592215574e+00
-2.459894913720589660e+00
-2.483475167274191264e+00
-2.464432146944198099e+00
-2.462983438495364830e+00
-2.457549679802461196e+00
-2.473284159618937217e+00
-2.379683191029661860e+00
-2.321546268819925096e+00
-2.325750845703309810e+00
-2.291199155224028505e+00
-2.285505055873378932e+00
-2.415896722651506234e+00
-2.322949194357554425e+00
-2.409000816636469366e+00
-2.320873054006677094e+00
-2.316043702643513669e+00
-2.409000816636469366e+00
-2.334261153743697026e+00
-2.449912892734412040e+00
-2.394894795242169749e+00
-2.376490141847884097e+00
-2.458186347042306430e+00
-2.416687113985006352e+00
-2.376490141847884097e+00
-2.415011948371567296e+00
-2.400894669431430817e+00
-2.400522055795066834e+00
-2.394247970289590466e+00
-2.414573001085881465e+00
-2.378566282198761428e+00
-2.300715726869050126e+00
-2.283979857388530821e+00
-2.315615656967484615e+00
-2.305080908169435450e+00
-2.298817914747838032e+00
-2.283979857388530821e+00
-2.420100418987871205e+00
-2.285877669509742915e+00
-2.449601712720504310e+00
-2.416520035022996726e+00
-2.320429359989024221e+00
-2.282234047218720807e+00
-2.280336235097508712e+00
-2.400710738323544646e+00
-2.347060534798154574e+00
-2.458094996759898621e+00
-2.453611385053049876e+00
-2.468938673031758402e+00
-2.481691588462822562e+00
-2.472582295322780066e+00
-2.472582295322780066e+00
-2.483475167274191264e+00
-2.483475167274191264e+00
-2.481462692799717207e+00
-2.483475167274191264e+00
-2.478558252924342842e+00
-2.474842520573058202e+00
-2.460078998619990909e+00
-2.462768638356092055e+00
-2.472830046098583701e+00
-2.467256138220117023e+00
-2.466692372194476235e+00
-2.467256138220117023e+00
-2.474842520573058202e+00
-2.462155138970867796e+00
-2.455591498755965940e+00
-2.447342886352239955e+00
-2.407337308048363322e+00
-2.470918786734674022e+00
-2.383207126949938637e+00
-2.414233214063401078e+00
-2.403248693223011490e+00
-2.462768638356092055e+00
-2.467256138220117023e+00
-2.485735392524469400e+00
-2.467256138220117023e+00
-2.467256138220117023e+00
-2.470918786734674022e+00
-2.467256138220117023e+00
-2.403248693223011490e+00
-2.472830046098583701e+00
-2.480634393275220173e+00
-2.470918786734674022e+00
-2.513293765036795691e+00
-2.457147959408519711e+00
-2.500710170572150837e+00
-2.463332404381733287e+00
-2.280336235097508712e+00
-2.474910742476145842e+00
-2.422360238633160190e+00
-2.471198898282036538e+00
-2.375155972273934157e+00
-2.467256138220117023e+00
-2.328751230027757302e+00
-2.467256138220117023e+00
-2.467256138220117023e+00
-2.462155138970867796e+00
-2.470918786734674022e+00
-2.476710659436836881e+00
-2.485735392524469400e+00
-2.485735392524469400e+00
-2.470918786734674022e+00
-2.479799184211612051e+00
-2.467665380972931644e+00
-2.472816598855886117e+00
-2.405082436538519275e+00
-2.485735392524469400e+00
-2.485735392524469400e+00
-2.485735392524469400e+00
-2.457667639106842827e+00
-2.470918786734674022e+00
-2.479799184211612051e+00
-2.481811658686086108e+00
-2.481811658686086108e+00
-2.470918786734674022e+00
-2.481811658686086108e+00
-2.481811658686086108e+00
-2.470918786734674022e+00
-2.495904265794967714e+00
-2.480028079874716518e+00
-2.518890709793943916e+00
-2.481811658686086108e+00
-2.481811658686086108e+00
-2.464910904301989003e+00
-2.318975241885465444e+00
-2.468573552816545558e+00
-2.481811658686086108e+00
-2.403248693223011490e+00
-2.480028079874716518e+00
-2.474842520573058202e+00
-2.485735392524469400e+00
-2.458410929963489533e+00
-2.479410924586341380e+00
-2.460333513748387269e+00
-2.529653707661461581e+00
-2.519613354961578455e+00
-2.474910742476145842e+00
-2.464929930525524338e+00
-2.453246264837837476e+00
-2.393241094986768847e+00
-2.438995008396213304e+00
-2.460580379863590128e+00
-2.448225654601623003e+00
-2.377570292746852942e+00
-2.282234047218720807e+00
-2.367175984381757026e+00
-2.282234047218720807e+00
-2.396374372722388735e+00
-2.453890419876513462e+00
-2.324876983325440349e+00
-2.461476802229454197e+00
-2.461476802229454197e+00
-2.457531230734257388e+00
-2.457531230734257388e+00
-2.461352290678817223e+00
-2.460788524653176434e+00
-2.409000816636469366e+00
-2.417008969007236274e+00
-2.464995912969838887e+00
-2.483475167274191264e+00
-2.483475167274191264e+00
-2.474842520573058202e+00
-2.407172427061395226e+00
-2.465405155722653507e+00
-2.413884248177032177e+00
-2.535045716640158098e+00
-2.509546420950845125e+00
-2.538093337039638353e+00
-2.479512056064164138e+00
-2.442494891178434990e+00
-2.461476802229454197e+00
-2.397895323543143498e+00
-2.401152617462062100e+00
-2.280674346412020714e+00
-1.531355229142392860e+00
-1.386684448168400419e+00
-1.165826864367176974e+00
-1.120524972852343204e+00
-7.553817335922707876e-01
-7.183489295874184721e-01
-6.731416835878535343e-01
-8.646886968294890119e-01
-1.778659084315256989e+00
-1.878546921451509810e+00
-2.061612958402413653e+00
-2.342425566715523821e+00
-2.279735087933579152e+00
-1.467991154543565324e+00
-1.404386283936919444e+00
-2.048360903832025848e+00
-1.478043468220952450e+00
-1.236128896319892423e+00
-1.126345514849620200e+00
-6.739744511195999710e-01
-6.569282800565763303e-01
-6.931506957160009641e-01
-4.670643113726202778e-01
-7.198406475817498151e-01
-7.868822126386083582e-01
-1.692134947054727279e-01
1.633345700150598268e-01
1.587834705412075886e-01
8.791831239966492462e-02
-6.722093892933198034e-02
-8.760073694741954409e-01
2.149468155993800866e-01
3.067970164261704658e-01
5.624960023807273890e-01
7.674068810808818419e-01
7.638301274299996724e-01
3.884968781281252781e-01
8.745179818835360219e-01
9.358753003859208164e-01
9.213579724407843230e-01
1.086469592473393364e+00
1.017918179023268976e+00
4.674203252503213446e-01
1.055288368397012899e+00
1.047749926729942826e+00
1.054875744684846017e+00
1.005593715603604554e+00
1.053263616470363706e+00
1.172586444072827083e+00
1.297649568513532525e+00
1.352943027513889840e+00
1.601791499104445737e+00
1.372557220090286911e+00
1.624495330809687665e+00
1.305253417290143103e+00
9.526379572438006260e-01
9.097722202248710310e-01
9.277711516102598033e-01
1.163589180305241833e+00
9.638770967565207792e-01
1.195262101075510675e+00
1.156544056411319632e+00
1.331673838080117411e+00
1.314870044337866473e+00
9.664826248007120091e-01
1.932584929833763288e-01
-1.338287894375158382e+00
-2.483473205071246692e+00
-2.315929524453101962e+00
-2.352861436376039173e+00
-2.414686839501249960e+00
-1.408414838478326825e+00
-8.433239320343751677e-01
-8.332723464603766228e-01
-4.845083670073197513e-01
-4.485894998971232672e-01
-9.267109824745116409e-02
2.245962701312404775e-01
-2.031685532145765527e-01
8.362444509963998240e-02
-3.482804609385865557e-01
3.420927232994017131e-02
2.565069294042497949e-01
-6.332148731626822125e-01
-9.497427510071905221e-01
-2.700987636299527761e-01
2.639514440944878970e-01
3.298350448798836876e-01
1.121771708683893115e-01
2.881542104808313964e-01
2.472392316317039707e-01
6.933260267067127280e-01
5.748004902830201601e-01
1.038661135744868291e+00
1.072953823825084196e+00
4.808596042605778331e-01
1.028557475152142908e+00
1.202497555910846172e+00
1.140028243490136095e+00
8.878787854277007119e-01
9.147283431144218602e-01
9.666063369275176287e-01
1.008052846563292526e+00
1.017129857693851669e+00
9.986860079098268672e-01
9.981538595765983013e-01
9.188778059778058838e-01
9.967103064355055109e-01
1.074751315494234749e+00
1.001482349851819498e+00
8.778784053015329381e-01
7.723041490485209604e-01
7.030102235766721996e-01
-6.884817042668471831e-01
-1.212512444265027689e+00
-1.110656484145324363e+00
-3.280701657048157860e-01
-8.646069854917217690e-01
-2.808393793686224105e-01
-3.203379405656718859e-01
-2.146729687437469170e-01
6.216158441134848056e-01
3.946745951293698096e-01
6.792834735747674824e-01
1.051406713129947157e+00
1.020804196128240582e+00
6.683869394485667526e-01
5.383733647656648857e-01
6.024133653748969808e-01
-4.707987254320075698e-01
-1.252255687117893590e+00
-2.478840849698053628e+00
-2.466597297205751715e+00
-1.634569522628602556e+00
-2.186606817632197330e+00
-2.408228629620190908e+00
-2.300715726869050126e+00
-1.544708477150204651e+00
-1.411498838684592805e+00
-1.769059024850618389e+00
-1.566123364496377235e+00
-9.722081855434190345e-01
-8.345731347699215652e-01
-5.193581346714492009e-01
-2.531189034565914930e-01
-3.223138639273184780e-01
-6.899708507162123361e-01
-7.946689723837411234e-01
-2.109818382493239275e-01
2.649931396733362643e-01
5.578702035543005033e-01
5.806637620345032058e-01
5.975684960062445095e-01
6.211614717394732255e-01
6.629452027884767951e-01
7.239673664772239281e-01
2.110228194687520098e-01
3.252399182266203503e-01
-2.697971458084519325e-01
2.773340189380381071e-01
4.562509835999574159e-01
3.223834474318010845e-01
5.653307721023551613e-01
4.363722894826963516e-01
7.702395470691054680e-01
1.032195055652884302e-01
8.140729880137504981e-01
5.493243788774676561e-01
6.394711673008194319e-01
4.195505198100488720e-01
3.076953122753383618e-01
2.842011310979920546e-01
2.419418636139884227e-01
1.203267014867935164e-01
-1.756177088543990683e+00
-1.144370017234268122e+00
-1.733159373363223787e+00
-2.010725040991890200e+00
-1.440174140339566478e+00
-9.694399647956990496e-01
-8.127334578056352177e-01
-2.099039996264602692e+00
-9.246064269917902978e-01
-1.122725081850849183e+00
-1.928603882014009896e+00
-8.117928754817664849e-01
-7.023850653986027925e-01
-7.207468289157558106e-01
-7.619691749521878554e-01
-1.113262309746317236e+00
-8.215054579153238112e-01
-4.591011062838344370e-01
-8.831060426177824718e-01
-1.121415683556763243e+00
-1.770597160107113321e+00
-1.798537641805172616e+00
-1.769826737584850207e+00
-1.143346360377797799e+00
-2.098934456681599947e+00
-1.121148170672552125e+00
-1.648588611773999624e+00
-1.731739529483723450e+00
-4.383665603805737554e-01
5.626727223815798373e-01
5.845336210815359479e-01
6.649623305042857702e-01
5.819478316303636767e-01
6.787905577739898888e-01
-5.490350702369045655e-01
-1.247676471620515981e+00
-5.193214461428442563e-01
2.963763027438823805e-01
5.080245547732882283e-01
4.304239074313704894e-01
-1.256477157147450230e+00
-1.591114154681722015e-01
2.847371160538960111e-01
3.850299735258604916e-01
9.005020684304083645e-01
9.347783172212718039e-01
1.017556532213755194e+00
9.653286301012602433e-01
8.545678230831476041e-01
9.115061791329357455e-01
7.614642976084730064e-01
9.790552972787607278e-01
8.903345556100981106e-01
5.793177916153436913e-01
-1.129720507703392274e+00
-2.741642111376254021e-01
5.333052394419930398e-01
5.635345764248078648e-01
5.759258806734690594e-01
-7.173938525289262902e-01
-2.403558588780144945e+00
-2.465190093148019734e+00
-2.460791336086454173e+00
-2.285505055873378932e+00
-1.374045368394713584e+00
-6.264447417367781101e-01
-1.595272037487435401e+00
-1.196999077983671667e+00
-1.180400841094088715e+00
-9.146180690373819644e-01
-1.325921821383553301e+00
-4.315566127779925654e-01
6.111055995770017443e-03
-1.058293400066068340e-01
2.094844219969197174e-01
5.332451892532699134e-01
5.694731718836820722e-01
5.856406211655842409e-01
2.785460736955482353e-01
-1.194468413172671051e+00
-1.264057827182790139e-01
-1.737608149849371619e+00
-2.147802581712347614e+00
-2.334650099082327568e+00
-6.745592313802063478e-01
-2.044935233162860744e+00
-2.477199998214145160e-01
5.482701733009183176e-01
6.128148798584274193e-01
6.232770421781991255e-01
4.709897526542497492e-01
6.474646161266739419e-01
-3.787390615520076498e-01
4.963298541135948705e-01
4.802020806667205433e-01
3.430229159134952077e-01
-1.088477903795395996e+00
-4.918439386061445595e-01
3.359490944063110440e-01
-2.114338916049594563e-01
-1.862531133905185099e+00
-6.912431157126885939e-01
-1.723304133638987379e+00
-4.246847224803289578e-01
1.559272598796338505e-01
7.680282664189655994e-01
6.150986002352217819e-01
3.846961328015525150e-01
-1.250900482109328582e+00
-3.585918700399252645e-01
3.380716389279177503e-01
-5.334475772117994868e-02
-2.221632297430017555e+00
-4.548932324192296872e-01
-3.572082504839017569e-01
-1.083294396137824300e+00
7.332803946844998477e-02
-4.468361111946581726e-02
-1.196344886028304133e+00
-2.331413441997435054e+00
-2.434018989207382688e+00
-2.420173705570110467e+00
-2.289301343102816411e+00
-1.349954917483555228e+00
-2.266027937894534272e+00
-1.699017269489131010e+00
-1.311797796529779347e+00
-1.347459465435975723e+00
-1.312415757825304397e+00
-1.181966045608289884e+00
-1.329557213419562567e+00
-7.703057706776452740e-01
-8.516225265962930058e-01
-4.278039043285778442e-01
-4.323089319545103115e-01
-3.425218858963727242e-01
-7.022135874055155380e-01
-5.277742587885050352e-01
-7.016132735473583626e-01
-2.128890870679417180e+00
-6.748126308545411289e-01
-8.244613584434116182e-01
-1.159616653297452116e+00
-7.763569205265499207e-01
-1.232245202845488441e+00
-1.152177577613228365e+00
-7.254143925184806108e-01
1.671496454998533943e-01
6.165757013160315658e-01
6.303346782302505780e-01
3.183596852019731638e-01
3.123582084351874677e-01
-3.150161541400349208e-01
-6.127803613263542726e-01
-3.393604241253194154e-01
-9.744003266358082227e-01
-8.382588695900987652e-01
-1.518892676595573754e-01
-4.294988072183751615e-03
-1.693286638465547611e-01
-5.800964506445822622e-01
-5.735898613083686426e-01
-2.295098067372259631e+00
-2.426674483103228308e+00
-2.399015318711478439e+00
-2.432160928158011881e+00
-2.322083866149947884e+00
