2.987329168766745258e-01
1.937047261453142544e-01
-6.525352264456127371e-02
1.135867959650135872e-01
3.281402362577436893e-01
1.917830290385047209e-01
-1.116404640457914210e-01
8.805368513003374031e-02
-2.142078197650422455e-02
1.735706808449615501e-01
-5.607440139642309029e-01
-6.754319970623602343e-01
-4.670616331378155683e-01
1.652012672336553578e-01
-3.507345917777308641e-01
1.658813623016361649e-01
3.841275046103274082e-01
3.071853580037691156e-01
2.934053954054234303e-01
5.315558738243116865e-01
5.727009689319078056e-01
4.532200856638737285e-01
6.605455048084061254e-01
7.126734585309875136e-01
7.908913630405385309e-01
7.066151089020469289e-01
8.250232650336914997e-01
3.976690990966587624e-01
3.527026524884055436e-01
2.749738074547072864e-01
1.195831318898815110e-01
4.470575455353577032e-01
3.699233550480504618e-01
5.487856014144190109e-01
4.502442698134897503e-01
3.452271862972230432e-01
5.600370816491987425e-01
3.749148294861088804e-01
3.810054981647610362e-01
4.668126195293136327e-01
4.763851138871924573e-01
8.109092837007304544e-01
6.412533886787818993e-01
2.913514463524536358e-01
2.717813131708469165e-01
-1.381129464911580451e-02
2.945553464021821721e-01
4.385696598540240188e-01
4.300296304061838049e-01
2.962096527179482464e-01
6.735534693718178700e-02
7.277852977129758635e-03
-2.250653462805374538e-01
2.624662537660469308e-01
-6.128766722426116226e-02
2.647727354702071323e-01
2.410949752458164119e-01
1.003329199291918689e-01
6.037529152159932799e-01
6.483766268404402844e-01
6.083640451661446180e-01
1.867030044112141232e-03
-8.685827300239128135e-02
-1.161777680604514362e-02
1.712908022824797816e-01
-2.674838979871088651e-01
-1.913260504844664922e-01
-3.957515637431386901e-01
-4.667986269498164420e-01
-4.674571195084715747e-01
-1.485480515090265574e-01
-3.198755656730203345e-01
-1.146704847715454556e-01
-1.752146390181484326e-01
4.318707718455483957e-01
-2.562551101189703973e-01
1.192129776245874073e-01
4.235465642865977043e-01
6.463159273203186173e-01
4.643303082658017389e-01
5.226194423987253757e-01
7.772751046109392936e-01
6.351219326793516862e-01
3.120554195611095483e-01
7.157733180765453174e-01
8.937663757833662626e-01
9.541096883840479714e-01
8.913852860779293286e-01
8.654389330039689021e-01
9.249886311748689582e-01
9.256606359893305713e-01
8.179742629474214821e-01
7.025671287511001672e-01
7.884898786466433274e-01
3.215897301904348943e-02
2.646965953606741362e-01
4.270590761056958229e-01
5.109448360351084295e-01
5.125723849862277026e-01
4.947162201195163256e-01
6.913902401437894696e-01
6.597471579100978589e-01
8.019415997552598041e-01
5.191869576478828074e-01
6.510762440844628518e-01
7.857626600692213525e-01
9.383562515595466058e-01
9.160643215239555603e-01
9.723972141753760567e-01
8.230000492529754297e-01
7.646609978125256113e-01
7.462160477955095406e-01
1.009623744810344004e+00
-3.719446624699051518e-01
-6.632558999774389452e-01
-5.691171779217583104e-01
-4.578776876179284083e-01
-4.109710114360293209e-01
-1.626953492502657694e-01
1.408676981114182492e-01
2.662379737589677386e-01
-1.510193949883244235e-01
-3.442711433879033778e-01
1.709364097009228034e-01
8.548779764933639447e-02
1.699180289863457816e-01
3.565499009091618876e-01
5.947565899543802992e-01
7.546921185598971515e-01
4.846624469467844532e-01
8.313500905506120420e-01
9.942825444353118325e-01
1.002642963053746117e+00
9.721071779153085402e-01
9.857360033634857688e-01
1.039202834764558325e+00
8.259555082095565437e-01
7.406532136788416265e-01
1.098973301318983964e+00
7.432789654601168472e-01
8.249864234363841753e-01
-8.735535014272250987e-01
-1.393171255643165907e+00
3.541107879340390507e-01
7.338557958408072901e-01
-1.358137300758240462e+00
5.870915339647214681e-01
2.515669504703495485e-01
6.556476179279711047e-01
-2.411768176181610546e+00
-2.550338318232839629e+00
-1.354700054937911569e+00
-9.493408261008182691e-01
-1.705867537079657215e+00
-1.560493574227632019e+00
-2.431636721336081663e+00
-1.633081354266465501e+00
-1.405259111467264344e+00
-1.320240128056156204e+00
-2.300492551127063301e+00
-2.551957199354051742e+00
-1.514977545152430327e+00
-5.868780285606712832e-01
3.621321404092532267e-03
-1.934063312704206727e-01
2.321102460950072999e-01
6.308030557195229981e-01
5.473569222227601117e-01
7.590935925250452687e-01
8.084834118999374430e-01
1.044913279329152456e+00
7.524943911768230409e-01
4.021940191137480802e-01
9.891939173454379342e-01
1.175090465026580766e+00
9.546941894391655081e-01
8.824815426242754723e-01
1.042302883775310773e+00
5.789516766133409043e-01
9.352609775971568729e-01
7.382162224233839165e-01
9.520065820299465909e-01
9.532567161920902921e-01
-9.021585929089737110e-02
6.825228291647532641e-01
7.641638756908665231e-01
7.710353092273146691e-01
1.075395040600560514e-01
6.432408273904519636e-01
4.914063259607952538e-01
6.500914712555051489e-01
8.960011069107496340e-01
7.100472260216005305e-01
4.453667672151193635e-01
5.777661837569020298e-01
1.937597786839010128e-01
2.638004270127774099e-03
2.566960023599176299e-01
-7.935977606328629141e-01
1.129581841183185109e-01
-3.223793319990045370e-01
1.600647014182091932e-01
2.458852946849835741e-01
-3.963888213567013930e-01
-4.708856662262060899e-01
-4.794093701413879027e-02
-3.017369870519146513e-01
-1.593875126049860425e-01
-3.299860629706679038e-01
-7.628177764493122570e-01
-2.276854146544606383e+00
-1.075197148987452112e+00
-6.614082920601113691e-02
1.447266464881680204e-01
-1.178249452150120780e-01
2.097900812439951745e-01
3.048654391167160416e-01
2.931970234247856522e-01
3.766872209563513207e-01
3.339095702592843606e-01
6.015094962575490145e-01
8.442236407627435879e-01
-2.872985110708833334e-01
-2.444455688037823649e+00
-7.215259127614720436e-01
6.206292170569971400e-01
2.757705902832113254e-01
8.028383876170285260e-01
3.983756757363318690e-01
4.610503729236588993e-02
-9.074745353472757348e-02
-1.015977273345833432e+00
-1.902030551853066465e+00
-1.591854892800669496e+00
-8.930057054450674103e-01
-6.990677702761841639e-01
-9.380839583649581703e-01
-2.409901263237802099e-03
5.790596351385432494e-02
9.152157805211565134e-02
3.689102524818935191e-01
3.675812876698510423e-01
-6.258040261133502868e-01
-1.836911373085703181e+00
-2.401358539717521001e+00
-1.065187138585870663e+00
-8.679035607291865073e-01
-4.228574703123488820e-01
-7.769642876820612720e-01
-3.158856481475746936e-01
2.856160954674969443e-01
7.608319161639698347e-01
1.282124115909429596e-01
2.609573302666871597e-01
-1.006514167059533227e+00
-3.448455005895811627e-04
1.026744981640445309e-01
4.950777178340604046e-01
-6.657136842076196714e-01
2.325936110189481543e-01
3.419299401846573883e-01
4.708484257974096532e-01
8.204744930950602644e-01
1.978046348550871192e-01
-2.310329733785052297e-01
8.692070180326361140e-01
1.132375036426048975e+00
5.607318123171648461e-01
3.395313810494796636e-01
-2.593357566017316373e-01
4.349835262875048070e-01
-1.707901693409208388e-01
1.441044617280684732e-02
-6.840867089164390236e-02
-2.512164621086055982e-01
-6.764812290531447836e-01
-1.780192123856210173e-01
-6.621181063608790884e-01
-8.274248891488065194e-01
-1.026084950830571163e+00
-4.658861471830326728e-01
-9.159593401357475351e-01
-8.886913435463849043e-01
-1.018650252609669904e+00
-7.441776208097772294e-01
-1.032677459075036719e+00
-6.724700767769659082e-01
-2.157594048232898964e-01
6.462362678396287030e-02
-1.080606433028032498e+00
-6.227423221064857239e-01
-6.977389950526603490e-01
-1.774988066078526661e-01
5.532604235193118170e-01
4.644839360858903088e-02
2.090654834634791126e-01
1.561812292230020660e-01
7.390585871533426054e-01
7.956447115173775897e-01
8.336201139999310783e-01
3.874494981979622055e-01
6.326066013947485578e-01
1.055931295172813089e-01
-8.753350531141355084e-01
-1.459413560904444296e+00
-2.367179422696290558e+00
-9.483442825506105400e-01
-2.648950727419812079e+00
-4.709601503947109524e-01
-2.658243264202563516e+00
-1.549230423491805952e+00
-5.725473607078763738e-01
-7.065114015271444226e-01
-2.027095422471270059e-01
1.807476531141030685e-01
1.817409336508973849e-01
4.111523921770831591e-01
3.613784397792679792e-01
5.473742156163436956e-01
3.301290901364588581e-01
1.060202794041893992e-01
2.852190593017182585e-01
6.614165372555516065e-01
7.459802137867405092e-01
9.112997445988688661e-01
3.711547300838167751e-01
-2.560208604935853671e+00
-4.494868827130857891e-01
9.481800775740729936e-02
-2.661848609940142829e+00
-2.434118990274248828e-01
1.896992858710268015e-01
1.441396087720182573e-01
3.667597213353247787e-02
-2.194693443387841780e-01
-3.430787111003339440e-01
5.652071278200231780e-02
2.877824689135672909e-01
4.041769529902511371e-01
2.425521295690482027e-01
2.396991959491757695e-01
1.804050307096191907e-01
6.101396427671239575e-01
7.695243132942800601e-01
4.318663591062926188e-01
7.230920526076960453e-01
8.348988550806926145e-01
3.886083893738161987e-01
5.957514489508702882e-01
3.358980964151787596e-01
3.525120368729254272e-01
-3.277870538600523992e-02
3.446460649325807646e-01
6.450738263419867335e-01
-8.303205895967130656e-01
-4.321946489062674646e-01
2.442865934165151520e-01
-4.893718132986079050e-01
-2.146250940665207496e-01
8.442269705976431782e-01
9.880113620322471535e-01
-4.803378506661038494e-01
1.531149416288786203e-01
5.959930014980752144e-01
2.698914787367053814e-01
8.535298299037344938e-01
6.996220741720687863e-01
4.534504992226034981e-01
3.617737074892558163e-02
7.225473104696860105e-01
1.517120361850305965e+00
2.573637252206574799e-01
4.440788446668484379e-01
7.965899864515416651e-01
8.068854061969464864e-01
9.775612087956346841e-01
8.169550808624793659e-01
1.067292633646551359e+00
8.842096216294114130e-01
1.675568621804690295e-01
-3.169487964888663134e-01
2.877669276924820774e-01
6.656398983588722729e-01
7.787217308452015763e-01
8.314261001467148082e-01
2.915700335952864930e-01
6.563092780359194300e-01
9.155983987807529978e-01
7.368389972447001446e-01
8.152564269714623890e-01
7.745403571561608747e-01
3.822278879010474473e-01
6.144349484995413890e-01
4.708879030889256967e-01
7.668656883206425023e-01
-3.692409976801701577e-01
3.432256552659754267e-01
6.911821690761581483e-01
7.121262403314827516e-01
4.627918859820798758e-01
7.611685658044203828e-02
-8.102708108109010210e-01
-2.606250572053834813e-01
2.909255951286126018e-01
5.982889011963805626e-01
-2.612345331854429853e-01
1.114111407070301901e-01
-1.231997002731008983e-01
-2.254664384432905899e-01
-1.577352895417566625e+00
-1.423171839691907969e+00
-5.552671758613392239e-01
-3.740786981018333346e-02
2.956009428436872644e-01
4.914185636437080895e-02
-4.411820576625993806e-01
-3.771169259403885365e-01
-1.954683082179846654e-01
-2.892017455489381828e-01
-1.746010786673517057e+00
-4.319433353420948918e-01
1.015794034686215153e-01
7.413766080873165909e-02
-1.408618330936205254e+00
-1.068857571956294050e+00
-1.477709484458360922e+00
-1.037071813136998477e+00
-7.912630356876236837e-01
-7.434140661949052431e-01
-1.145212914903281476e+00
-1.517886548195486629e+00
-2.419729812946028957e+00
-1.614377261265026453e+00
-8.827674961921928576e-01
-3.577679153596905470e-01
-1.649244305168937053e-01
-4.166600768056318294e-01
-4.243391184236694480e-01
-1.013639162874752087e+00
-5.897062404396511415e-01
8.589087416095353422e-02
-8.442831895100583184e-01
-7.761088630360757357e-01
-1.998614333094493323e-01
2.954169062807485840e-02
6.214884053708001899e-01
2.555393510230561938e-01
-6.933741157879593775e-01
-1.101703683114755028e-01
3.917851765545897758e-01
6.344765170044786018e-01
7.846617603479693059e-01
1.039821640873000108e+00
7.797664849897610884e-01
8.176973900026506259e-01
8.647643137645072420e-01
3.941286622122193162e-01
6.926450945879396581e-01
3.067311247528515250e-01
2.634335703893417313e-01
-1.447107991335188304e+00
-1.815821392825167857e+00
-1.412842750617889775e+00
-1.406137697733430336e+00
-1.729810503835046864e+00
-9.579872943640671545e-01
-2.398688891711330540e-01
-8.942088937641905488e-01
-6.454558789729079038e-01
-6.210947905476015274e-01
-6.025802492995804283e-01
-2.444859201660931181e+00
-1.386183498664891767e+00
-6.284343095925361000e-01
-8.744780290592854555e-02
-2.122517198141518346e-01
-1.486935882356807515e+00
-1.116547772478613698e+00
-1.003804650369746421e+00
-2.307982168044433902e+00
-2.305730790016915943e+00
-1.365940799082020707e+00
-2.223614761412936236e+00
-2.385083114089757483e+00
-1.275261934011692633e+00
1.461786613266738144e-01
3.193617040700413856e-01
1.050118498499097441e-01
-2.559662645180321161e-01
3.501528989974432293e-01
-2.369651116237134481e-01
7.612958072821132682e-02
6.308899738461646312e-01
4.961472428379715693e-01
4.205392096446133876e-01
7.018108125993162139e-01
3.626186150070090930e-01
6.087259386100365433e-01
5.216412913965647880e-01
4.923688748948013005e-01
6.599093581999417868e-01
2.570161091156908939e-01
-1.825957926176140722e+00
-8.428942162707374619e-01
-4.123165577144113914e-01
7.314429612529411984e-02
1.567415963698641224e-01
-8.820514537210537576e-01
-5.701629669024310676e-01
3.783497244509880786e-01
-2.041138310577222115e-01
6.872325197066341262e-01
8.291824664227879227e-01
-3.510881476689205472e-01
6.577842127560538099e-01
7.376390364574220149e-01
9.063856904870211117e-01
1.112226530550325165e+00
1.065335282934085415e+00
9.930204683677410493e-01
8.249916498174182378e-01
8.436288437703528542e-01
4.302952755211079117e-01
-4.106171737908840824e-01
-1.715470063747864149e+00
-9.795531634661038822e-01
3.259978991717698560e-01
6.843282114864051024e-01
-1.753557194477622483e+00
-7.883631262768645565e-01
-4.631021365961976444e-01
1.232413767345974381e-01
4.565001257210037910e-01
3.484614577385525269e-01
-1.646527265731665191e+00
-2.512382407306163135e+00
-3.936525238173559926e-01
-1.597151802532265297e+00
-8.419965706667104088e-01
-1.634203248256031804e+00
-2.567393627321623129e+00
-9.488834762651658927e-01
-3.993189860849843398e-01
-9.570426044731294990e-01
-3.158638138366629544e-01
4.003673418949211804e-01
4.101199134620459041e-01
-1.517213642613478020e-01
3.143956178272654389e-01
5.968359806392097289e-01
-1.567944543165863847e+00
-4.835610693723985665e-01
-1.003245352120042955e-01
-3.673092963955176815e-01
-5.941298910909598163e-01
-2.341683679650305994e+00
-2.516852482011199044e+00
-1.563466538801322470e+00
-8.015591646926542024e-01
-7.033014373949718623e-01
-2.859718766669678836e-01
-3.191091132533228625e-01
-2.387665808657830624e+00
-1.394338522924631674e+00
-2.791694053261911668e-01
-7.084811596834023062e-02
1.342694193985366213e-01
3.391287760598024059e-01
-2.013177025310440571e-01
-1.024923853404487772e+00
-8.118313962583050269e-01
2.665621307242619920e-01
4.225326770996815640e-01
2.023282669904074571e-01
2.818188103631367181e-01
-2.926869229200761979e-01
1.329852696625701547e-01
-2.549981670642951365e-02
2.292288377432086591e-02
-1.150654505799156568e-01
-5.537184347848065347e-01
-1.515504453465357226e+00
-2.245088058877323434e+00
-2.430939070672908375e+00
-2.439637445521825931e+00
-1.442909105786535306e+00
-7.152502033952646832e-01
-1.551007161917017152e+00
-2.207000343453778157e+00
-1.319055996414854492e+00
-2.198718590944461759e+00
-2.227850803795035528e+00
-2.200738126899019154e+00
-2.226384197155385714e+00
-2.182104951012537875e+00
-5.282331618232597586e-02
-9.837588433352388861e-01
-3.062968988252521285e-01
-1.751937430615127800e-01
-8.214530197026145286e-01
2.917926569495041811e-01
-1.086167246775282015e-02
3.861121513606123323e-01
8.312714444350314258e-01
8.907644390112836597e-01
3.922778294538585286e-01
-7.723722048085990277e-02
-1.056435308177916088e+00
-3.318483316730176935e-01
5.429299321606786272e-02
3.336109302373386765e-01
1.679183954440866822e-01
-4.618533272278766422e-01
-1.361115309914421312e+00
-1.927078094851013113e+00
-7.978627274124794333e-01
-1.035190513277330915e+00
-1.054440019258310990e+00
-1.010711509555084486e+00
-1.737228167610533003e+00
-2.457060346429105202e+00
-2.604612453486145895e+00
-1.400890596922338860e+00
-9.284857029579691723e-01
-9.436639434982935226e-01
-1.679455086852544854e+00
-1.343349965195418827e+00
-1.764070802177452935e+00
-1.464180340594620322e+00
-1.726847163712213806e+00
-9.881174519355115926e-01
-1.046120838085161209e+00
-1.152540894415638562e+00
-1.184821762218650543e+00
-1.626739377117414787e+00
-6.091140537036044966e-01
-8.418024726001673355e-03
5.027280487951566457e-01
5.498002562644016544e-01
2.529664566295427020e-01
3.066485907293432511e-01
3.298112713710577015e-01
2.782688000442272713e-01
4.690188886868871254e-01
-5.371305145151835658e-01
-2.662365783644239148e+00
-1.440574172996673230e+00
-3.967843385444602133e-01
-1.002277251928088031e+00
-8.482190880421315304e-01
-8.295967574239755393e-01
-3.665240689408825192e-01
-9.741171666848513766e-01
-1.147993368443473328e+00
-1.001651115684470517e+00
-1.675596278418610252e+00
-2.548738230052950637e+00
-2.455709688482561770e+00
-1.642089874676410099e+00
-7.544606903565790335e-01
-5.441396386392700624e-01
1.033595288828493969e-01
-2.600051547928718954e-01
1.615197609497257270e-01
2.630693899036588013e-01
-5.308947326433888225e-01
3.736222798338498241e-02
-1.966357443839400754e-01
5.070071392017709844e-01
1.342105956674398970e-01
5.620481306126920984e-01
-2.122373124491115301e-02
4.996507463898726686e-01
5.857448202215213007e-01
8.233766858258164192e-03
2.863919601063769083e-01
3.810877113662642368e-01
4.444579365162049656e-01
-4.499219495903770127e-01
-4.101069612364145051e-02
2.464804106188354660e-01
3.924615168436909052e-01
4.776327515730180995e-01
5.673641147696169007e-01
2.227789442958343635e-01
-1.857937679445462453e-01
-3.305116132141766583e-01
-3.500297403078722613e-01
-2.995266701099798534e-01
-2.851396609295965279e-01
3.868504722385805450e-01
5.242798946652548198e-01
-3.069715730021844169e-01
-5.710198777520210101e-01
-2.433443802209550810e+00
-9.883344589631505583e-02
-2.014207150035221550e-01
2.019305957995322087e-01
1.710026993174806886e-01
9.575397690890459501e-02
-6.801128009365291494e-01
-7.677491716432485180e-01
-8.579626121178329790e-01
-1.097263210853653831e-01
-4.090203468857617763e-01
1.442001981923858676e-03
2.315326730809950107e-01
4.460332844628019933e-01
3.111226503580531988e-01
2.871303552638554968e-01
4.331831074927274816e-01
2.007121755267111396e-01
3.015524257369931460e-01
3.447068774702332500e-02
2.654648597710817515e-01
3.791492814369848974e-01
4.805400874402108169e-01
2.509945457437932625e-01
-2.212557744496337631e-01
2.295216860020256600e-01
3.912479872105956158e-01
3.102269083246728676e-01
1.718661156575662097e-01
2.724041084133246166e-02
5.016505323992872523e-01
-1.273921552939482338e-01
9.686648485799212449e-02
2.907137146019658225e-01
2.005455460676359158e-01
-8.732461384345296951e-01
-2.009068663513046693e-01
-3.318788731938077663e-01
7.494559507338828530e-02
6.102080446482441300e-02
-7.521978860354150420e-02
1.195177175593608448e-01
1.194788530375324731e-01
-1.013439667242082010e-01
-4.086919355265115628e-01
-5.340643630892077942e-01
-3.742201663248607701e-01
-1.159308668975001400e+00
-4.925046156677156950e-02
5.216200525798013743e-01
3.341431066282756768e-01
-2.142033643160018430e-01
-4.383011439980940560e-01
-7.896040089853557653e-01
-4.392286222258723893e-01
-1.079341301223303712e-01
1.854771066206273855e-01
-7.636766310101484115e-03
1.406064695025368294e-01
-3.941406748664132986e-01
-2.513802386667114419e+00
-1.589824145468801575e+00
-6.112501756403081465e-01
1.111803214561047221e-01
1.229050555552993751e-01
3.810522565700696918e-01
1.233654241781663025e-01
-1.244773481830675488e-01
-1.735320911210619377e-01
7.093395064508625780e-02
1.723949726434423346e-01
1.422001233521697772e-01
-4.680789069131434110e-01
-1.008579858197078183e+00
-2.921018809993689014e-01
-3.289793230791986378e-01
1.183512021455370850e-01
5.885782446202875162e-02
-2.874458887406399210e-01
-1.457736002620691196e-01
-1.805604517820218746e-01
-1.858436984986197915e+00
-2.558119068808963004e+00
-1.571339146214223437e+00
-1.801618227700021169e-01
-1.097960919708956644e-02
-3.196386429014050901e-01
3.611132939413619347e-01
4.296041163929621987e-01
5.305232932086785258e-01
1.706247914067148819e-01
-3.716428062270343835e-01
-4.681366258809305236e-01
-2.098843772767661764e-01
-7.232831952216076665e-01
-2.409548541742567718e+00
-9.590046185301911441e-01
-9.343658541638346637e-01
-8.583738200993983325e-01
-2.222141492119211303e+00
-2.412856736681464831e+00
-2.313744877597495808e+00
-2.370684526442973006e+00
-2.580359014811737239e+00
-1.616162976076480406e+00
-2.319420843405142207e-01
1.366723362154743660e-01
9.487717844434494230e-02
2.537811986167535228e-01
2.098894756077972212e-01
1.957897025991919560e-01
-5.220158042619789107e-01
-6.381913756473917010e-01
-2.042339792670167520e-01
-6.721186734612910607e-02
-2.832304312504848598e-01
-1.435122812221806043e+00
-8.520742594767157785e-01
-3.716194847139171753e-02
2.997076707001651297e-01
5.651204957608364499e-01
5.377487369903343195e-01
3.861508495970308319e-01
6.072897206021518057e-01
7.997390287996553049e-01
9.918376511417301700e-01
8.147337216719031661e-01
4.604158067748873595e-01
7.716719875275341867e-01
8.368304192407913789e-01
9.648103106754858382e-01
8.357553031325455628e-02
4.146746418296652914e-01
5.483409427502706768e-01
5.822311698630006083e-01
4.338075292514452230e-01
4.375779255566696890e-01
2.262731486443322337e-01
5.087683139036822677e-01
4.303078872225680196e-01
2.078828708330226482e-01
4.241786491951584082e-01
-1.021462431600820148e-01
2.023746648189481412e-01
2.335465346568742773e-01
3.896263129002081743e-02
4.250272525288018022e-01
5.900907819746223915e-01
5.876799889453467873e-01
1.025198207828690589e-01
-2.687170105738674319e-01
-8.800584839947100946e-02
-6.080845843286865060e-01
-2.342662338385578469e+00
-2.567370191759821285e+00
-9.596113214783363876e-01
-1.263097491029947506e+00
-2.401233578532134150e+00
-2.626925592018747757e+00
-9.045588399205164443e-01
-1.859696273580507472e-02
-1.326902218071075168e-01
1.705998081106563924e-01
2.893939002141634464e-01
3.267627934781365262e-01
2.347491681949529785e-01
-7.985176803686810931e-01
-8.052409286298650715e-01
-4.014514390660609694e-02
-7.665651607014928315e-02
-2.327183439504037499e-01
-3.627739636468059470e-02
-5.391926939938069818e-01
-5.792690453457616587e-03
8.569923702003844068e-02
-8.071442194856439656e-01
-2.223224232980503867e+00
-9.472419892172707634e-01
3.427537470241434070e-01
2.578171702858428893e-01
2.829462674363430463e-01
4.830446674789107830e-01
7.133091465359637784e-01
3.100735205041092457e-01
-1.086096578565405757e+00
-4.830932527692817779e-01
3.179566456690993172e-03
-1.522572753490643471e+00
-3.081576406553254710e-01
2.477997661022052212e-01
4.395961667792831979e-04
2.950483517096957331e-01
1.982006501748249938e-01
2.389671472712104061e-01
4.789584229068223342e-01
2.563863698400018487e-01
2.327258420790528914e-01
3.427933649934361560e-02
3.526147463443053964e-01
9.347333823423271959e-02
2.025423959258100537e-01
-2.574730135852289492e-01
1.564097398732745003e-01
2.819569916582668756e-01
-1.516806789972741543e+00
-2.402452073755444673e+00
-2.555871162708357236e+00
-9.566517784989939654e-01
-1.435605379377484114e+00
-9.155532746399218380e-02
-1.416598959138080371e-01
2.076411851757162808e-01
1.456986437342312479e-01
2.054895467431618883e-01
-3.524949607152615821e-02
1.823135917196522238e-01
1.800251630639203293e-01
1.323841069442419915e-01
-9.358184028841931568e-01
-3.621938713158155410e-01
-3.769398250765916281e-01
-8.335294966996916743e-01
-1.835023357655565457e+00
-7.224119123423811129e-01
-8.696900531356517583e-02
-6.807623390837206356e-01
-4.729655059463117595e-01
-1.671856550864401880e+00
-2.513463355816749623e+00
-1.039461395926230436e+00
-4.082354562034445356e-01
-4.155792711114428273e-01
-1.645573971676680125e-01
-3.815296934014725250e-01
-4.018099472516531989e-01
-2.265173403000174390e-01
-5.347779651697814191e-03
9.855150553565067417e-02
9.443207822205493263e-03
-9.288931422923356607e-01
-3.684297953077586563e-01
2.097942336190479762e-01
9.047962028752108699e-02
3.033104539046264092e-01
-1.832134524412463994e-01
-2.999972987758587895e-01
-4.029149035358616238e-01
-4.756834049656591401e-01
-4.056542106502512013e-01
-3.284546022620377093e-01
-3.727473780591870622e-01
-5.582682987034699451e-01
-7.139508904431911274e-02
-1.370705860183562552e-01
3.491832654678489467e-01
7.850656591717217747e-01
8.235299571320147116e-01
7.993388850104231613e-01
7.266289664653471370e-01
9.298650105984593850e-01
5.729955934341800505e-01
1.896371728898864073e-01
8.468876980999662241e-02
2.594913268740349221e-01
-4.123864170007507934e-01
2.941387621464645608e-01
1.845961312740320437e-01
2.818832258438146998e-01
6.079638334130055277e-01
6.977679834080064980e-01
-1.528951563066053732e+00
-1.609946062511202758e+00
1.176736367733814403e-01
-1.046258502690368131e+00
-1.271546963417339970e+00
-5.505954493015866591e-01
-7.050294793661349146e-01
-6.425085328561600528e-01
-2.137161654058228055e-01
-1.588323842396509034e-01
-2.318040466467061467e-01
-3.462356591085623547e-01
-5.403366801461130242e-01
-4.261460373258624812e-01
-1.558989639468603139e+00
-2.364100013633811059e+00
-1.440358725590461075e+00
-1.024420881097340280e-01
2.391807018777626637e-01
2.412278791857365989e-01
3.309186664843992709e-01
3.965125909356597145e-01
6.096594073586127926e-01
5.921261162696889180e-01
-1.048299092968680846e-01
-1.250371227790820994e+00
-1.445476438270451303e-01
3.686846927529960904e-01
3.545502893498633235e-01
2.386425077743371814e-01
-6.731483442980341625e-01
-1.934059350539045763e-01
-1.575675451964307361e-01
2.259613930839420026e-01
4.542050110295559051e-01
1.901079546792582009e-01
5.226641757688145207e-01
4.375531155829567864e-01
2.225603656414120723e-01
-1.724877739285961276e-01
-3.368075613195935514e-01
-3.708419474386556169e-01
-4.012796162479776996e-01
-2.530865223197975578e-01
-1.397787886576308883e-02
3.132099019443642107e-01
1.759471365782547536e-01
5.151898007544065683e-01
7.590129259003546291e-01
1.169048376006851075e+00
7.779283396317470123e-01
1.070244553553655109e+00
1.160816188817741512e+00
-4.480212353416926363e-01
6.260628049798843131e-01
5.297521872845744051e-01
6.133152894752423867e-01
2.497628996756024455e-01
1.115418051839001667e-01
2.894817705292326848e-01
1.543756870700794537e-01
-2.405977427808624891e-01
-3.324365003025879783e-01
-2.414719942653729967e-02
-2.605195728343699724e+00
-1.672288231801223324e+00
-4.230011488075838821e-01
-3.013297870753188223e-01
2.568359094905793838e-01
3.841780166247258932e-01
4.238227450737134805e-01
-8.192247451842428196e-01
-2.590070063480465201e+00
-6.603982832622372623e-01
-1.638650845848484083e+00
-1.645121972394087306e+00
-4.188867261663004604e-01
1.905650312658892509e-01
4.652470284462125183e-01
2.716572962897846888e-01
1.508353387854471928e-01
-7.623622650545002211e-01
-1.453409002823884688e-01
1.968094938902694158e-01
1.605760997414972246e-01
1.525879199092969873e-01
4.382281364740589491e-01
6.983324869374782917e-01
2.617596270524723545e-01
-3.148374883762132814e-01
1.021189296382410683e-01
-1.294086863439515289e+00
-3.916144074311166817e-02
1.929293562400480055e-01
-2.536972875238606706e-01
-6.939123146876030601e-01
4.255595206592051594e-01
4.011045683394983130e-01
2.483921842961179516e-01
-7.659661799236973101e-01
-1.498456327808723954e+00
4.689220870818146536e-01
7.945207909638081212e-01
-4.923877320209173458e-01
-4.969363325498893369e-01
1.551245051163507305e-01
5.232730874995067394e-01
7.123895120215069099e-01
4.392913685394034817e-01
-7.506025426526876654e-01
-3.714669386098778392e-01
-1.270978510535792916e-01
-3.092149978894448981e-01
-1.614590629080970841e+00
-3.515127291334975146e-01
-4.129673202085483164e-01
2.528138474036823458e-01
-1.573058535835809054e-04
-5.430769531344697976e-01
-7.440349520585134435e-01
-2.174078205838353983e-01
4.856518130056561855e-01
3.445120183822991122e-01
4.015704675916388355e-01
7.973680377704007727e-01
9.971089552739498263e-01
-3.482167626435556662e-01
3.044879726176668022e-01
-4.955282200359185651e-01
1.423675997003904792e-01
-4.548836644394204654e-01
7.402683010298656274e-01
3.731703943640178323e-01
-6.003325198862105028e-01
2.096417129272015734e-01
2.879414578876168251e-01
1.586601789944594443e-01
3.909146011754583427e-01
-3.213069564091012853e-01
6.831797593804291857e-01
9.856487052466246235e-01
-7.333787441156768699e-03
-5.167901743579708107e-01
-7.563357530460202982e-01
-9.125776193357683086e-01
-5.603056155702650365e-01
-7.227508056057392327e-01
2.643454074428651379e-02
1.224853288988506615e-02
2.794493811579858433e-01
3.185201322485923248e-01
8.470335490217303920e-02
-4.046095202441369887e-01
2.761303247465779487e-01
2.357285861504798408e-01
-1.384598883711506967e-01
4.380629347683831498e-01
-3.071753402234830843e-02
5.704202416761003924e-01
1.359235995608807090e-01
8.469494611323873379e-01
-3.505392154198819776e-01
-4.726007211280729980e-01
1.938590229566571899e-01
1.421611758350364851e-01
1.731976125987591819e-01
-1.689099810137653090e-01
-3.134498111267899345e-01
-6.526857042351780214e-02
2.671542498993784154e-01
3.768813780510838485e-01
8.098458126779665145e-01
7.211658128611692087e-01
3.432969023116508311e-01
7.911944765277365565e-01
8.487955182554764999e-01
1.010812438235964672e+00
6.324186159980428323e-01
7.399934954125652053e-01
-9.407966496467046191e-01
8.773142908257984540e-02
-7.392295422146762940e-01
-1.371871907098560772e-01
2.847997427164247752e-01
4.347259471993408786e-01
-1.248643171312027039e-01
-5.006854341114682638e-01
-1.239394921858112397e+00
-5.077540295066897968e-01
-1.121858620700407969e-02
-4.715737195568291823e-03
1.723900766589100408e-01
2.172570744352052552e-01
-8.941990841220695541e-02
-1.050658317429420813e-01
1.280286754526822890e-02
2.152805350850987842e-01
-2.257381162691527166e-01
4.422834958566814745e-01
2.589427476484773005e-01
1.029173253830765189e+00
9.362285008733824965e-01
9.664765145270601820e-01
9.264638530577807840e-01
-2.614645224908396237e-01
-3.133580062596726390e-01
-2.157353910466137947e-01
-6.149539654521909288e-02
-2.413399506527091620e-01
5.927220672619920583e-01
7.040402631562487912e-01
9.108660778284638493e-01
1.055021252257007935e+00
1.091247935138158098e+00
9.959723839884706553e-01
3.998207554138658026e-01
8.685328611595026782e-01
8.221573259734503702e-01
6.456164386565927948e-01
2.593238089868693530e-01
2.479005301555728125e-01
1.862336175448598419e-01
2.128017462847408836e-01
4.029478626627050475e-01
-5.580994915333671313e-01
-2.448343493108234015e-01
2.306725480610561374e-01
-4.216840443809190542e-01
-4.376953470430975379e-01
-5.201291546863092696e-01
-3.231443480359343368e-01
-6.933438787531216452e-01
-3.451646906925686653e-01
-1.909459385297916367e-01
1.633511237165671537e-01
-3.040049092994398516e-02
-2.019386735367151298e-01
-2.438402746558358536e-01
1.616556666334733328e-01
-3.340782020078251757e-01
-1.363977657054124437e+00
-1.625261716843191317e+00
-9.730994384593038005e-01
-8.392302937076252523e-01
-4.056365234106446005e-01
-3.521332456570205327e-01
-4.841386731828110634e-01
-3.814420541832440614e-01
-4.145664170381512803e-01
-3.466353430475191955e-01
-8.257444970176174015e-02
-1.665641152316989920e-02
2.251350706045363304e-01
-6.567451170489847778e-02
1.446006104420843007e-02
-3.774604222005438752e-04
-2.432061021385705235e-01
-2.999531596588499993e-01
-6.430839094114455534e-01
4.096459012421355128e-01
4.469244061453599426e-01
4.462890646339666145e-01
4.996903568266619078e-01
4.782623514735176440e-01
2.009491399066030970e-01
4.879232857096414411e-01
3.971460250932528635e-01
5.684408822007089856e-01
6.859812139907053297e-01
3.870792581086248685e-01
3.615341418897735637e-01
3.894883265779230386e-01
2.365620267393767073e-01
-3.293146483972913541e-01
-3.876983580072146385e-01
3.046199193810345332e-02
-3.637082063157827672e-01
-2.928595257617611636e-01
-1.166362236911423489e-01
-1.347115958596965868e+00
-8.194600956009068238e-01
-2.273054889654347654e+00
-2.262172517694100105e+00
-2.248026149351791236e+00
-2.262923528829363207e+00
-2.224312482755373299e+00
-5.157690672591050962e-01
1.586327781874250498e-01
2.155528821421938135e-01
3.690408865830765439e-01
3.280612671558033600e-01
3.849341429726112485e-01
5.530254889344106140e-01
6.512590477984970816e-01
3.943044874854363391e-01
2.016421671115093406e-01
2.462667632509503435e-01
1.452640693231896651e-01
3.834221338341368690e-01
-2.343405834539510901e-01
-2.433224516467477616e-01
3.473816295169577240e-01
3.200937678843598366e-01
2.072018541585440854e-01
-4.671584096674222808e-01
-1.388507411439113270e-01
7.849529767888768772e-02
4.288385005442165165e-01
4.939866632267965740e-01
5.062088013465860792e-01
6.905959908357280908e-01
5.531157808596809389e-01
3.919873876504935128e-01
6.247531112027451261e-01
5.349619729934460555e-01
1.393203901531939737e-01
2.899860738195532070e-02
3.298011001113835827e-01
-5.054690874821471391e-01
-5.926067097940885403e-02
-2.467874725969261829e-01
-1.544459795016304982e-01
-8.075846997416924467e-01
-3.921389879072347817e-01
-2.325234300224031658e-01
-7.580189860121367973e-01
-3.251420270115021327e-01
-1.120227204094973894e+00
-1.841100956889253792e+00
-1.192378600335458616e+00
-1.823274209341140928e+00
-1.188830377094223012e+00
-1.129963531709144764e+00
-2.537422751411067878e+00
-2.529545660562304121e+00
-2.523901606278515342e+00
-2.535621986358506330e+00
-1.731469700478887930e+00
-5.679219768093431986e-01
-2.384444567571491203e-01
-1.668219477777266535e+00
-5.023743537335497722e-01
-1.946537451507656780e+00
-1.744566616881108922e+00
-5.004928397586446698e-01
-1.927948873348468872e+00
-1.298190204287219096e+00
-5.692338511173348214e-01
3.849917134805667107e-01
-3.898602730608549116e-01
-5.601712145632533613e-01
-4.633309086569375457e-01
-1.247373054721132135e+00
-1.183946069876955054e+00
-9.844352573490396940e-01
-6.118902449724170634e-01
-8.590993989107805762e-01
-4.398685291141161691e-01
-2.741166480651678339e-01
-2.797515156999889063e-01
-9.458017180060286633e-02
2.811093345775088070e-01
5.080460522947831681e-01
6.380246650617643622e-01
6.907680626603357465e-02
2.668364447854677801e-02
-3.749978360931773697e-02
-1.948947849017622636e-01
-2.252690411095570611e-01
-2.511145873907975057e-01
-1.920790965963357522e+00
-1.897661636784075734e+00
-9.981753768410049910e-01
-3.411053898132171969e-01
-4.589470418056225132e-01
-3.964551241750323141e-01
2.423740625479621214e-01
3.977704828800985859e-01
4.344877368403811668e-01
5.793647768961096567e-01
2.055595386568496719e-01
-7.227662843894430145e-01
-1.094718187942042009e+00
-3.103340455948863652e-01
-8.874409576190985319e-03
-9.569432282414007673e-01
-9.063755801553352587e-01
-1.114967946574619395e+00
-1.967167613160291539e+00
-1.880926046063007284e+00
-1.159479093835297014e+00
-1.247280787122854173e+00
-1.229955924871160233e+00
-1.027090154275865697e+00
-5.410159585285225781e-01
-9.150346795186097004e-02
1.318291691714536251e-01
-3.499773927596809830e-01
-6.626019630272635963e-01
-1.124109878026405163e+00
-8.135964380814079133e-01
-1.095311500993426446e+00
6.600984043498513143e-02
-2.907685339841911687e-02
-7.647216412477885195e-01
1.122330766651707251e-01
-1.022993683908899332e+00
-6.986607293691780851e-02
4.104878698588917962e-01
-7.270759833413265039e-01
-9.752082458366203577e-01
-5.929620561343941221e-01
-6.164990667804683827e-02
-7.569566283520411387e-01
-1.686372730606737314e+00
-1.064154343895137522e+00
-6.729431683727068458e-01
-7.376884504449549018e-01
-8.179986312282316874e-01
-5.854179556759341319e-01
-1.193016029521922317e+00
-1.739791619861112304e+00
-2.574530690736009486e+00
-8.469389788499975813e-01
-9.455278610223347147e-02
3.322666322359782431e-01
7.388489847100729868e-01
1.011727769896626355e-01
-1.120076912554516912e+00
-1.906850887370155734e+00
-2.001996586387326804e+00
-2.698003124934017283e+00
-1.139804288678946564e+00
-1.253492291178265328e+00
-1.101062513544655896e+00
-1.384636306994327049e+00
-1.228957101508290517e+00
-1.871857256546749948e+00
-1.228449762525594346e+00
-1.786791062503685357e+00
-1.442499000270657028e+00
-3.023425075021892172e-01
3.123782854813873522e-01
-1.125876756453038918e-01
-2.169693667482316679e-01
3.566321075895744763e-01
-6.506380154870788912e-01
-1.424952496176995209e-01
-1.272363859858361146e-01
-4.631830014280960972e-01
-1.048554819089047907e+00
-1.169486090886254992e+00
-2.551560871235142081e+00
-1.935331316493314580e+00
-2.471249403080587825e+00
-2.589922876077213942e+00
-1.961567319886034610e+00
-1.047692174877053128e+00
-9.576390328915885819e-01
-5.638876453186020266e-01
-9.814575134465155504e-01
-7.940929462394151761e-01
-2.285081865963583536e-01
-2.360919620287691978e-01
-1.152053361690746458e+00
-1.206413683096294598e+00
-1.440746510379928180e+00
-1.929318567985091937e+00
-6.520517145669545434e-01
-1.327219563904204147e+00
-1.894495422792958461e+00
-1.360177596966614333e+00
-1.909929430356496649e+00
-2.026066800907932119e+00
-1.932841426837204502e+00
-1.456131825335840180e+00
-1.298048334581937135e+00
-1.489964820896553688e+00
-1.969749647573883822e+00
-1.949649903230785908e+00
-1.074481597989043191e+00
-5.511665774490559500e-01
-5.361440093520050132e-01
-1.042322022463449516e+00
-1.845848948354954278e+00
-4.001655548666815387e-01
-9.006510048211378849e-02
-6.445101818851597941e-02
-4.227752674324668919e-02
-4.234234363402786250e-02
3.119726676940433041e-01
6.165871264998175061e-01
-1.433889065539265539e-01
3.745745541599451167e-01
9.851891185488581559e-01
7.715512303219914658e-01
1.003063470957057612e+00
1.655972474529415317e+00
1.607117519144299012e+00
8.538597383838434363e-01
9.661810934194499101e-01
-1.919397104459346082e-01
5.890243283446371381e-01
-3.340579767815525791e-01
5.134165436560969020e-01
-1.310919164681858262e-01
-4.993272417463150148e-02
2.672945927810538858e-01
9.693845669068195114e-01
7.602907789733124311e-01
-1.131382262911848902e-01
-1.881494020835697556e-01
-7.574596210896593629e-01
-2.543010577585104182e-01
5.573500159140656329e-01
-1.228326156359484979e-02
1.023849674493568784e-01
-9.483100883809740533e-02
1.729323373803121622e-01
7.459232178942086788e-01
7.101925244835335382e-01
7.672751094232596047e-01
7.805134051262695438e-01
7.058674611241617658e-01
7.634746169387726100e-01
1.629307880844190759e-01
7.926323721550470047e-01
7.907661537930473772e-01
7.245425763971279354e-01
-5.941887480908902841e-01
-1.115503171322691056e+00
-1.628172931629155773e+00
-4.731726236577389888e-01
-8.517049936174712066e-01
-4.421921063023718790e-01
3.612875882833369579e-01
5.132988673151883674e-01
2.471138503357806493e-01
5.738864488116969254e-01
2.161135609917363698e-01
1.019383097833014729e+00
1.039090913134682825e+00
6.449623836335587335e-01
1.001975804087768429e+00
7.029918926253295730e-01
6.876082122061408786e-01
7.219491873042148677e-01
1.219135727579239159e+00
8.942082645632551952e-01
5.648167321404593544e-01
7.512055668885575521e-01
-6.161294537474644173e-01
2.129944274358583634e-01
5.705720408965918589e-01
7.310091471499281512e-01
5.363323539346112057e-01
3.769767912515670227e-01
8.908566305193831025e-02
5.237439532297379907e-01
5.102007437819847668e-01
6.293679132977955115e-01
6.128952906505132914e-01
9.692526923933333372e-01
1.010062797752472985e+00
-2.729948713647205039e-01
6.847908591603057982e-01
-1.099346881528258546e+00
-3.467267801880561939e-01
4.019073372141556133e-01
9.058012112387386905e-01
7.418136063995506291e-01
1.182754418511795302e+00
1.055682121703119813e+00
-6.068700741001640392e-02
6.055909734340624295e-01
1.486651885974730192e+00
1.499611060720420053e+00
8.550036467646613403e-01
-1.833301259268390604e-01
-7.439690663838459672e-01
-1.755650784409673593e+00
-1.974349500279635627e+00
-4.542967572498654016e-01
9.822755060274901417e-01
7.563402731766240006e-01
-9.128975737490803155e-01
-2.096693243154611697e+00
-1.774788368672961969e+00
-5.712627716527500787e-01
-5.236742200739430420e-01
-7.139191980902265255e-01
-4.565846470099285126e-01
-6.538748132947229674e-01
-2.417234341907136264e-01
4.177225163683736531e-01
9.690197947232276343e-02
4.031745314961290849e-01
4.328591201587789761e-01
5.475344320755506367e-01
6.810588294435804269e-01
5.274197549009699282e-01
5.999484760197926203e-01
1.015102934671225476e+00
9.432311545733028657e-01
9.993404313067386635e-01
1.522531888257275812e+00
1.577389566655793995e+00
1.053206151679410674e+00
-3.133103950166880175e-02
9.709711449840963127e-02
3.945327024006978212e-02
-1.085931667027876024e+00
-1.893289630258890632e+00
-2.683050319164086872e+00
-2.717255401203937382e+00
-9.534387717171768362e-01
3.396911596406408940e-01
5.597850198419889178e-01
6.378046142070580293e-01
7.146569209367890085e-01
6.590904264197098295e-01
7.180829340711113451e-01
8.314627709292291557e-01
9.008730633455290793e-01
9.707467024617865148e-01
6.963786064778387797e-01
8.143332079573747939e-02
-1.513270709875987052e-01
-1.080208567802945163e+00
-1.845958767606416195e+00
-1.964253780274366701e+00
-1.864372906533919183e+00
-1.106231992068721803e+00
-9.454935880476881271e-01
-7.399162285250414639e-01
-1.937659249574855691e+00
-1.001566286277316031e+00
-5.356514205092733488e-02
1.821613310155867083e-01
6.823958950946267255e-01
2.007075245283087284e-01
1.396222008314931817e-01
1.189768767612819633e-01
-1.250678493663026636e-01
-3.191340986005068436e-01
9.130127765583306854e-02
2.146392037583949308e-01
2.238356686251495309e-01
5.946984224316304024e-01
1.109986873352087206e-01
-6.874971579073995143e-01
4.620501861397031673e-01
7.572040301164093545e-01
1.011065204195695344e+00
1.045011580213554669e+00
1.397955218943121691e+00
1.573852685956337538e+00
1.571137328031514402e+00
1.551065701386511675e+00
1.539519601907806567e+00
1.268091339737969836e+00
1.280018428026808763e+00
1.104157620051033684e+00
1.599217554376065831e+00
1.105873502072413084e+00
1.590448416935216214e+00
1.595335785264139217e+00
1.649884543929368341e+00
1.151137403015834115e+00
1.715131060126810159e+00
1.716596951699916662e+00
1.715011296114992589e+00
1.070072072035214816e+00
1.598733806686988057e+00
1.318890573510348885e+00
1.289821929489266772e+00
1.265272122049351466e+00
1.296412722628384362e+00
1.542514394217663565e+00
1.595415866033380370e+00
1.636839927655848959e+00
1.081190536369187383e+00
1.706796176306863311e+00
1.088356218689117583e+00
9.847016305637332767e-01
-1.435679708389652198e-01
-1.909712360261698549e+00
-2.582907208322110737e+00
-2.035259058388917186e+00
-2.711396350692016899e+00
3.793128745867365148e-01
4.953151663433570384e-01
7.980284326597122391e-01
1.726342331991729817e-01
6.041063207378676303e-01
7.967651492100275012e-01
3.338408048357499047e-01
8.586426751697545656e-01
-9.672632812293406601e-02
1.266889917015693312e-01
-1.230966820849816595e-01
1.112134459844650869e-01
2.142123753324751967e-01
-4.169817256297849717e-01
-5.180456708204514982e-01
1.988536726855052311e-02
7.533543595806498905e-01
9.398336058508429680e-01
1.171958441726342337e-01
3.739358782164712292e-01
3.033155771937840472e-01
8.496860372457800681e-01
9.385244940750309128e-01
1.000904373685865378e+00
1.040927001598938695e+00
3.687910525553795837e-01
1.002777145044021934e+00
1.083411786091428741e+00
1.084907436516647117e+00
1.097126841039702816e+00
8.019567606574932173e-01
7.840982531325541016e-01
8.742911864293206881e-01
9.511452413192678090e-01
9.767940573363447232e-01
9.020977272178599682e-01
1.115892790461507911e+00
1.094817430300751404e+00
1.054156784070976682e+00
1.112875041898144568e+00
3.511260342015710134e-01
7.752556751738732821e-01
9.847124677112395474e-01
-1.822845189729017656e+00
-1.589866310488267542e+00
-9.397822256991159584e-01
-4.518400930279235506e-01
-8.564261742855018289e-01
1.437546199895595456e-01
2.302334362374446053e-01
1.275547516948782045e-01
7.031412463583491812e-01
8.654422402130550473e-01
9.278141280594645046e-01
1.082532231224149877e+00
1.050073006541422105e+00
1.072214972556514878e+00
3.482033519617668826e-01
3.385054387969242962e-01
-7.806973457203065792e-01
-1.806064013498945853e+00
-2.511745672424662512e+00
-1.993353183456622713e+00
1.428371513004213222e-01
-2.043736001391197821e+00
-1.884771807844967118e+00
-8.016540559621339046e-01
-6.502972911473438034e-01
-1.248006149867726400e+00
-2.651041293925354037e+00
-1.872960535887222111e+00
-8.860721051918308833e-01
-8.105043503106172942e-01
-6.879015284388484419e-02
-5.045467321333286376e-02
-4.112599762989450625e-01
-7.619434229437191952e-01
-8.247221139479666840e-01
-6.909429913144865543e-02
4.553921537185121604e-01
7.496974222752659234e-01
8.306547430846450419e-01
8.055872990591911309e-01
8.922403047505557128e-01
9.304617561770746059e-01
9.456216215257792213e-01
1.386853069829564467e-01
3.099353164908635327e-01
-4.003123269303821008e-01
2.317153446453137366e-01
3.186052539845853349e-01
2.306108821004828335e-01
3.391412424376019086e-01
8.627461314551200244e-01
8.836431673340484627e-01
2.787110377782215376e-01
8.957914425046482609e-01
8.264026860132809293e-01
8.341421708698691928e-01
1.001912076556538272e-01
1.805147702676178634e-01
1.372391400387442117e-01
1.626112153354620782e-01
1.527606545307169383e-01
-1.183863964145464021e+00
-9.351809638442476480e-01
-1.976631740358915534e+00
-2.537101684055143469e+00
-1.185992212272845236e+00
-9.312658912584339532e-01
-8.254675439923636615e-01
-2.533949754389705156e+00
-6.645775011032025725e-01
-1.028607602418718070e+00
-2.443953485499670730e+00
-2.692181578613122017e-01
-7.785105536527044123e-02
-3.924074388512850398e-01
-3.821720134418621351e-01
-9.888784648446901082e-01
-7.801856385857619536e-01
8.482836443859681497e-02
-1.013844516660440620e+00
-1.360203230338523195e+00
-2.484283273957926141e+00
-1.374908752406767576e+00
-1.875389885338151652e+00
-5.718195271527908297e-01
-2.651746079233036735e+00
-7.525082314596898136e-01
-1.919423557503122879e+00
-1.725735509012752411e+00
-3.144520650631218994e-02
7.040112307231976008e-01
1.018722348328407579e+00
1.022179395039702898e+00
9.915559404163398760e-01
8.051998131992174068e-01
-4.010172217827105423e-01
-1.010989234784563706e+00
-5.298661858274601455e-01
2.100329858495894875e-01
6.856406508025725266e-01
4.123875417297751533e-01
-1.068012914773172284e+00
-4.070182637576998386e-01
4.722637283661330621e-01
6.118175628874158445e-01
9.661115151004850965e-01
1.001561975780892899e+00
9.871491516646464515e-01
1.106490519336485789e+00
8.086622438137758273e-01
1.025323355079474696e+00
9.405195782807154181e-01
7.626980945991920224e-01
7.156535431044628304e-01
9.584908345187070910e-01
-6.068497985564708097e-01
-3.817185026008703130e-01
2.777581405162210526e-01
9.634824466746684246e-01
2.127964038500719246e-01
-6.654228537158480838e-01
-2.693229032960573477e+00
-9.740919293201275586e-01
2.958920959062198985e-01
-8.723854982513563616e-01
7.396018565261361921e-01
8.313112858373996605e-01
6.447669541986569275e-01
-8.543857311864996862e-02
-1.541586522308341090e-01
-2.642722574855639328e-01
-9.550880530200177576e-01
4.100461361316990599e-02
6.430793350423271715e-01
7.502288634650270405e-01
5.516461258539074874e-01
6.901369696187340530e-01
6.393067275400927674e-01
9.870877079698071599e-01
3.130169988315272267e-01
-8.147150281504811353e-01
-4.210949820329547566e-01
-1.230424072022148430e+00
-2.012311476910308983e+00
-2.077629339220242066e+00
-4.641683285545692428e-01
-1.930903354200047772e+00
-3.950097511791225702e-01
5.036400909763891764e-01
8.716555815350968128e-01
8.434676238238809631e-01
2.849617422328907246e-01
5.635619101058796376e-01
-3.538812169568620325e-01
5.724015020671187060e-01
7.925219501016504964e-01
2.954595230467589317e-01
-1.529635939709184989e+00
-3.392341037282045613e-01
2.100577746040693528e-01
6.543398696869597020e-02
-2.612265924501761649e+00
-6.412801116399413637e-01
-1.699969218943314875e+00
-4.178734790434006086e-01
5.805193180303126477e-01
1.056585025944062561e+00
9.986462974176397722e-01
7.044927768468538520e-01
-1.638645035542917627e+00
-4.514455301459904812e-01
4.468281198332216264e-01
-9.864948599130758666e-02
-2.421682124996145102e+00
-9.820292039027016251e-02
-3.208619506829145096e-01
-1.018205168782839953e+00
1.975713001974131466e-01
1.911748771005868652e-01
-1.977304046739286836e+00
-1.575250308107118302e+00
-2.667809223397724860e+00
-2.524799486954483640e+00
-7.751963110868014262e-01
-9.782114807262607403e-01
-5.664292187845283433e-01
-5.461308453473894264e-01
-7.182766876887559659e-01
-7.565340568301196500e-01
-6.942597152852322262e-01
-2.103715332694172935e-01
-7.396775718429756674e-01
1.556628512308854129e-01
7.586421707289697780e-02
5.614247722031798782e-01
4.584555349665188073e-01
1.565741246661278285e-01
-5.392708704250663843e-01
1.119789680274418525e-01
-6.416294475710188072e-01
-1.808720016968479838e+00
-3.039568975502210946e-01
-6.714686994644119000e-01
-7.074108384648093439e-01
-1.391702664143083246e-01
-9.575464829598614447e-01
-5.074070068180558390e-01
1.074443085139421689e-01
6.539302446179436901e-01
8.587341184023534746e-01
8.890581852000373209e-01
9.035588890740987589e-01
8.821917215641940091e-01
1.350548817156087822e-01
-1.697187464583916061e-01
-5.513291351669076523e-02
-5.269845226169854735e-01
-4.879839670348788960e-01
7.782029140603416439e-02
1.928396540147927773e-01
3.786047229602193531e-02
-3.946422958531764502e-01
-1.582369508750585685e-01
-1.908529601001663689e+00
-2.699928038969092725e+00
-2.700635158140723746e+00
-2.698948601720240426e+00
-2.679948135704557366e+00
