1.945086408718367799e-01
2.702314354649452133e-01
1.507508279413435348e-01
2.395279538103248229e-01
2.579314696681260233e-01
2.629483559954821636e-01
7.344937417183189377e-02
7.951541536854578318e-02
2.255431804441301036e-01
2.560937269939658756e-01
-5.049953529056311341e-02
-2.890329654426305739e-01
-1.763058889792062933e-02
2.907233474003900198e-01
-1.323486231592325146e-01
1.981853204925178580e-01
3.398491942075188010e-01
3.942230571268822148e-01
4.693311546603849971e-01
4.999221546124597015e-01
5.206807567212147214e-01
4.616162273880489719e-01
6.550116759191703109e-01
7.900873828770496043e-01
6.055230377731954938e-01
6.033427122499626094e-01
7.399709447684321706e-01
4.804287407058512316e-01
2.752454108464055804e-01
1.199191705966920485e-01
1.480893206304678411e-01
3.176127566455096418e-01
3.016378549909939921e-01
4.694009538558224781e-01
3.599477393555933769e-01
2.333926299046557296e-01
3.693338828318847855e-01
5.099486328426516835e-01
3.942915657699019860e-01
4.497290791396897913e-01
5.741615931945733831e-01
5.962553894024940071e-01
4.622409970805863022e-01
3.797362423628404260e-01
2.785141993229254265e-01
1.156038683290696867e-01
4.091298795961308965e-01
5.048289921846537132e-01
4.119183935143401754e-01
4.705449073746350575e-01
4.175784153400822207e-01
3.532466904432828847e-01
1.492239666817869737e-01
4.766350550933438623e-01
1.383438612168588766e-01
3.144186099518863076e-01
3.451828082251066632e-01
2.673316895313467834e-01
4.674881652033155977e-01
3.409072484326869379e-01
4.883308189563103641e-01
1.553325321782520474e-01
1.663639469316860742e-01
1.035681960638944188e-01
2.354479816413549975e-01
-1.163530992058724456e-01
7.145337230311576970e-02
-2.193807237202241023e-01
-3.877118743957712610e-01
-1.196696171896556860e-01
1.573517663005419287e-02
-3.270171684463302197e-02
1.195333157792485557e-01
2.004469334410305947e-01
3.778967326136275506e-01
5.915163960930000520e-02
2.546446071833616820e-01
3.494727344277441805e-01
4.405851537984842858e-01
4.541502084633393110e-01
4.157529493693284950e-01
4.780900422242469472e-01
5.470272138762071190e-01
5.043381946980869390e-01
6.163624931355209391e-01
5.771878041431709461e-01
6.126183311452090274e-01
8.393018863592140999e-01
7.577931533053325897e-01
8.690342822926857558e-01
8.894678469310096647e-01
7.570662434960189202e-01
6.957155684309493937e-01
5.256659589962555668e-01
4.220045620508169337e-01
3.368019875146688324e-01
4.158087148473930128e-01
4.196096521412726599e-01
4.936297310717773779e-01
3.284203342015783456e-01
3.988904178120309396e-01
5.687356666198284394e-01
5.881794292740318841e-01
5.134935846571058171e-01
4.639717694036686879e-01
5.387424576638337737e-01
6.499453766168381552e-01
6.263529008328178049e-01
8.220126493904202913e-01
5.939043251180449179e-01
5.913256779666765661e-01
4.864381604953997851e-01
5.905762168748865948e-01
-2.155669532194190996e-01
-4.233071881673208248e-01
-5.561258746374343476e-01
-4.003671413970737447e-01
-4.138547561718619594e-01
-2.196218599978366770e-01
1.036481326231653011e-02
2.310981650580509195e-01
1.217381162423465668e-01
1.287503300007579732e-01
2.421069359732788140e-01
2.261833708195859494e-01
2.704008221294206815e-01
3.796979181009311199e-01
3.983288479040163477e-01
5.342098885935107067e-01
3.315929058292529930e-01
9.818177574088462478e-01
1.107214310310956407e+00
9.725395036730601905e-01
9.672765587415995681e-01
8.450033586960326026e-01
1.189072516775251831e+00
1.207789442813245850e+00
7.053343094335844388e-01
7.893581122787989290e-01
5.599378943898254413e-01
1.081143041766238877e+00
-7.191155459388711702e-01
-1.104342841343133319e+00
5.268434805342956384e-01
6.707337530963822791e-01
-1.655583044898741196e+00
4.003760939269294106e-01
3.311512807323805929e-01
4.423503003163050118e-01
-2.701771260121899054e+00
-3.336458393965351821e+00
-1.546845755499073327e+00
-9.588405080254079893e-01
-1.082945298471658102e+00
-1.698001301902546167e+00
-2.424793794792478696e+00
-1.159115105036374160e+00
-1.145738660461030900e+00
-1.403273681181917087e+00
-5.872440501092018872e-02
-3.121732882137954412e+00
-1.390950715615313360e+00
-1.219454420249501125e-01
2.021688444329604595e-01
1.710659886946687136e-01
1.894434123787077096e-01
4.606854351280417204e-01
4.803763862390150741e-01
8.218883806726777763e-01
8.721618781279496524e-01
7.535347151939503219e-01
5.488913711199576717e-01
3.575694585115061219e-01
1.253883062197433285e+00
9.136624406683553357e-01
8.058505007581772128e-01
8.144254890278105341e-01
9.994017660232996647e-01
6.353696546347638030e-01
6.783026425631428769e-01
5.903639811445204888e-01
7.266436722233604595e-01
9.198133130050883954e-01
2.482710818530206309e-01
6.805572027935997692e-01
5.592496149768098057e-01
5.500362916149481585e-01
2.798437019722339603e-01
5.237660639043748567e-01
4.804314361824970070e-01
4.652275679727000957e-01
5.378339104562865902e-01
4.342816936578415277e-01
3.585461798033660052e-01
4.948624302934246377e-01
3.167386043798571804e-01
2.068237583583210637e-01
3.077260708529480082e-01
-7.262728146201095081e-01
1.902183886526064849e-01
1.735583526698858681e-01
2.258210204685619504e-01
2.467206993180897368e-01
-7.642672104426283530e-01
-1.097202852459736033e-01
1.074599832384669496e-01
-1.291901574781877393e-01
2.344297632364957529e-01
-1.283092885016859364e-01
-1.138494215449495250e+00
-1.639028276917845250e+00
-1.917313277899954205e+00
-5.405999933284509895e-01
4.902492857530443282e-01
-7.831704999015282054e-02
-1.258433100269581439e-01
3.109735257032505418e-01
3.098069802196359301e-01
3.726634694379911128e-01
2.734331848634673490e-01
6.447263320930607389e-01
8.339930418300509629e-01
-5.042493876894905691e-01
-2.414832368744616264e+00
-5.818326328883486331e-01
1.733673445535313551e+00
5.981585754165468227e-01
6.630181692615084721e-01
6.423032077556540820e-01
2.675304346867389826e-01
1.842699222003110482e-01
-1.084287215195574028e+00
-1.699908997695439794e+00
-2.190167293518145097e+00
-5.573461596519668770e-01
-2.598399989503022978e-01
-3.880356536786920829e-01
1.383604202074306677e-02
2.047913525573852311e-01
1.941289854186846464e-01
4.967695756781871363e-01
2.555035210219939734e-01
-2.727274973255588986e-03
-1.856632844193903509e+00
-2.570158577820387258e+00
-1.713882005371252237e+00
-4.937346698560088898e-01
2.846257312110278548e-02
-4.435857298991252584e-01
-2.311636749176128047e-01
3.783164134678166368e-01
5.401108726538987881e-01
-6.788488898370748093e-03
1.213325056344237984e-01
-6.290237333004241593e-01
4.604786306627539627e-02
3.748985906232266130e-01
7.843468956517549717e-01
-4.946957454923729403e-01
1.539885088783465306e-01
2.894759217286850816e-01
3.534786394102207296e-01
1.110829869762554711e+00
-5.291478378042452357e-01
-2.700655033967056529e+00
5.393718198386501239e-01
1.076761923515066055e+00
3.708054239736750524e-01
1.743562134000099517e-01
-3.174347749884368630e-01
6.838345573481972028e-01
1.154660390288812233e-01
-3.227476566113779421e-02
-1.288216868910696533e-02
-7.505808457201129658e-01
-5.423747592251235705e-01
-1.612635517674401719e-01
-4.554100625752350862e-01
-8.570258572413070874e-01
-7.752380312479022484e-01
-6.020063529771847444e-01
-7.987559135198633031e-01
-8.850936436668118690e-01
-9.643165096956193283e-01
-4.794951040573623979e-01
-1.651178464961899461e+00
-3.474942925791406623e-01
-3.358097628820868596e-01
2.845631377461687594e-01
-1.140083078307954079e+00
-1.079223093281499457e-01
-2.122392935981058937e-01
-2.940492960807088441e-01
2.264307512970317737e-01
5.570566901437756790e-04
7.982818016071260847e-02
1.166463401040135350e-01
3.849545465161218205e-01
4.885425313584746965e-01
5.656332724057187011e-01
2.508805852403805381e-01
3.239163083967060430e-01
1.313855734928411623e-01
-7.417385957671202013e-01
-8.786029938020486485e-01
-1.709782259961651008e+00
-1.163493211113985737e+00
-1.591452280472493541e+00
-7.786773848881400895e-02
-2.295385481703425601e+00
-6.168308144037092378e-01
-4.040791939895256313e-01
-4.520363609062633126e-01
1.737908285420384780e-01
2.009708955757799065e-01
2.618412750150254098e-01
4.923298341106661646e-01
4.860305737439125640e-01
3.684740288228963712e-01
3.998047301802643561e-01
4.011933147190469007e-02
-7.450872118346330009e-03
2.968162661202947139e-01
4.098852734806014420e-01
2.060671660918429904e+00
4.275728580120469746e-01
-3.858560251667787266e+00
-1.572081429661210006e+00
-5.080105076513192763e-01
-1.578124886689814321e+00
-8.788180268906652381e-01
-1.970977710779113212e-01
-6.010518808476256192e-02
5.442220092878083393e-02
3.117598181092262610e-01
8.330790350182135096e-02
5.947704875251547119e-01
1.422064456308364644e+00
5.452756764361177400e-01
3.085337162782640363e-01
3.193491317966679066e-01
-1.952371727812117208e-01
1.000679688049754823e+00
6.117896000458493688e-01
3.011371645405067632e-01
8.315849957446380669e-02
7.972616490314388127e-01
2.071611887258128504e-01
6.098490764599040492e-01
6.608002609043156506e-01
2.746480366395446793e-01
-1.149577988650325011e+00
-9.036168698475566252e-02
1.267095867945107646e+00
3.208010459905858980e-01
-3.559994820844706309e-01
-7.169951602840390903e-01
-1.939678295137383657e-01
-5.239156424847324356e-02
1.417107669365757605e+00
8.646120457668138304e-01
-7.157403387159477770e-03
1.175371301880027142e-01
3.504936335223197696e-01
5.790485300291968729e-01
4.499239438433153548e-01
7.835352882815673770e-01
4.837427412530831417e-01
7.173383926471949001e-02
8.588202960694044652e-01
3.371520313952905301e+00
5.835448333072406069e-01
2.010742781389612155e+00
5.241883530385907930e-01
5.523654052043341922e-01
5.325669189713501117e-01
4.464064333460885381e-01
4.505527710860891544e-01
5.766385715056716599e-01
8.541623101824206143e-01
-2.846787866641206088e-01
-1.796988146187888935e-02
4.444386063404085485e-01
4.964167208207767024e-01
3.950194406955684356e-01
2.174329754079157573e-01
5.720530506856758013e-01
7.505503906116595125e-01
6.872314382033183344e-01
3.889157446674899044e-01
6.158535051157432161e-01
2.459392025440089169e-01
8.433923702975695269e-01
5.986667178480944429e-01
2.498624195142675197e-01
-5.913041941881516106e-01
6.955497793274476592e-01
3.449716050167181969e-01
2.583683696862960621e-01
2.838344315711096577e-01
1.210114354964167971e-01
-1.366042327851765492e+00
-1.220920721930738306e-01
2.063844291674901965e-01
2.046649066874990930e-01
1.253497531249828378e-01
2.393890725383324147e-01
6.220131271112766536e-02
1.731503716434572016e-01
-7.409637265631056069e-01
-1.191795374782541383e+00
-3.081618047106285951e-01
9.790330437630956339e-02
-6.214565319000558974e-02
-9.983772878485153157e-02
-1.852984932685258213e-01
5.491323122271715707e-02
-4.454015003987504828e-01
-8.547262305212103284e-01
-1.869214012009829062e+00
-3.228362585649034999e-01
3.718416799879731283e-02
-2.656334644434243941e-02
-4.974365730258876184e-01
-4.659047439609803609e-01
-1.179090423475194438e+00
-1.019068329354251290e+00
-8.248813711568111495e-01
-1.188802526603451426e+00
-1.315466327681562131e+00
-2.243969517750879383e+00
-1.195293347009179552e+00
-1.199754374775719779e+00
-7.484550672962342333e-02
-1.206620868115774736e-01
7.336821891975484067e-02
-3.539525722360284954e-01
2.694079472348868132e-01
-8.594709768607667888e-01
2.954060314713343738e-01
1.496997166190039419e-02
-3.927463999064261246e-01
-6.080364809028622197e-01
9.405904440684453860e-03
7.915132931260060456e-03
4.565791256624532890e-01
2.726884542163646175e-01
-1.314141369988724994e-02
1.011236177012566351e-01
1.748829975675373627e-01
1.314674317735378684e-01
6.655985698566457831e-03
2.332347497665319125e-01
3.217029586068895775e-01
7.529912678196853948e-01
4.562943810039430947e-01
1.598047015493075929e-02
5.257708713959921010e-01
5.836777214454389462e-01
1.312134002363792851e-01
-1.144377521219154037e+00
-3.453813837794199149e+00
-1.222150822779213719e+00
-1.365622263132953318e+00
-1.918498395280571867e+00
-9.973460941404365121e-01
1.904723883498660175e-03
-4.742491362635536944e-01
-2.184336104176260451e-01
-7.912707368623878024e-02
-3.297333221487022126e-01
-1.691858725178052136e+00
-5.413682889845379265e-01
-1.377517666502481308e-01
-1.973795819117887262e-01
-5.609179917940931848e-01
-4.897252177039304044e-01
-2.903518165494766157e-01
-4.196251656472850255e-01
-9.949304680718057403e-01
-2.565302822440195030e+00
-1.589978994667069934e+00
-1.912618633904184406e+00
-5.621396320392066492e+00
-1.482646423062750074e+00
1.631728854822692698e-01
3.186765473152521899e-01
2.844591271246028619e-01
-1.289651809188633313e-01
4.199651640570700173e-01
-1.855621236054502132e-01
1.802485639819416674e-01
3.908403468085312471e-01
4.037180463993946811e-01
5.470987718832641677e-01
5.516673389050561482e-01
4.234236396459054030e-01
6.524208548493122262e-01
3.607281034762534477e-01
3.592903755352658823e-01
7.241203334890660148e-01
-6.416214651252767354e-01
-1.681921638321523194e+00
-3.391177097511476335e-01
-1.053384423777211643e-01
1.603588238164872226e-01
4.110911199711655972e-02
-1.187353496601821767e+00
-3.731704406916577232e-01
3.401571030498633519e-01
-1.237037149397546831e-01
2.444766053232338698e-01
5.821313106477516985e-01
-1.791578515524573367e-01
4.872572347632276868e-01
4.048437775453110898e-01
7.986359595444303405e-01
8.358434907376600664e-01
3.413901974936496830e-01
6.317256994250195490e-01
5.112471379602379074e-01
4.672654255993091699e-01
6.766728254214738891e-01
2.978106482515357478e-01
-1.760375704121719842e+00
-8.582397989432085650e-01
6.371932038447101210e-01
1.440411936195791665e+00
-1.187764252916745367e+00
-7.811391403110689025e-01
-1.419779140367227743e-01
1.184194578553214583e-01
3.712325057367749093e-01
4.519584390898320203e-01
-1.290632364840659019e+00
-1.687790920779062009e+00
-2.346949618725500120e-01
-8.775577602700875834e-01
-7.235208223205334965e-01
-1.252171129094497903e+00
-2.890008006042499744e+00
-1.265193879103692076e+00
-5.851462505609766884e-01
-3.276787601224343538e-01
-1.951205260684105713e-01
3.255327649868732798e-01
6.368204897594046399e-01
-1.993940385440895469e-01
-1.323929555271838865e-01
7.022435132848279249e-01
-9.496024806529447249e-01
2.353855299356977238e-02
-2.685612714199594464e-01
-1.843416615083969812e-01
2.193079662603731883e-01
-1.943899684936019945e+00
-3.194533129742792354e+00
-1.148141410239677640e+00
-1.232630573043084432e+00
-3.551835137909211682e-01
-1.889523480256886101e-01
-2.430911330168578077e-02
-2.451218999844360980e+00
-6.681259051680913386e-01
-3.313191912278568019e-02
2.443944524943463259e-01
5.302120399382022065e-01
3.430068163898035705e-01
-3.283413180761868277e-02
-1.891847673454075007e+00
-5.529132499800951672e-01
5.521674789969284181e-01
5.295113548929628600e-01
2.387667491858540547e-01
7.522019307975491564e-01
5.304888679649735206e-01
6.491757844476826467e-01
8.129995949030888180e-02
-4.106743217854362804e-01
1.481764573666459472e-01
-1.191628956041380083e-01
-2.918813812296057186e-01
-2.168765004922285744e+00
-2.014826503048518180e+00
-2.771842170612125233e+00
-1.005839023365269203e+00
-1.307084116161000842e-01
-2.439806655622263065e+00
-1.838111542974437018e+00
-9.642027753766689857e-01
-2.298755654468283893e+00
-3.616950759974274732e+00
-4.012559296859913971e+00
-4.266775582107109166e+00
-1.717681022049623252e+00
-3.971996295164191837e-01
-1.596658963852900737e+00
-9.758730062738000255e-01
-3.506193463056700432e-01
-5.567155646733784602e-01
1.769721296315077963e-01
6.097762928680500183e-01
4.274065557136649263e-01
5.296076717702340453e-01
9.315990832624019280e-01
-8.482699324477022129e-02
7.238877438338298109e-02
-2.028803077380747499e+00
-5.910133685897023259e-01
5.052388734555060545e-02
1.791433171091019738e-01
-1.915223951354837473e-01
-1.797114231269035800e-01
-6.486946320171634861e-01
-2.169144224931536247e+00
-1.021303120493421090e+00
-6.939035431054313419e-01
-1.048110166151218436e+00
-1.193944062850230914e+00
-1.696928623578088047e+00
-2.948447163671398030e+00
-5.720441198886623724e+00
-1.041532688795578920e+00
-3.487929517669506874e-01
-9.865092215526544139e-01
-2.483263018578491188e+00
-1.773533567461873073e+00
-2.887453062550440652e+00
-2.003315043458126610e+00
-1.776209110372620081e+00
-9.781284450336135139e-01
-8.833812326449489438e-01
-2.013411427548669419e+00
-2.638279183418485552e+00
-2.788077639669666485e+00
-2.872554186285213307e-01
1.399780731303400527e-01
3.427869110052518264e-01
2.808754158289063496e-01
3.018499559043194558e-01
2.648554668996751515e-01
4.933241133461278016e-01
1.582499395958867072e-01
2.608836348659104853e-03
-2.770374858334834212e-02
-1.644411702328317126e+00
-1.080933502240561506e+00
-2.083786445085863970e-01
-9.497386592981408304e-01
-9.477563161606062936e-01
-8.301158236591946737e-01
-1.588434186668901127e+00
-1.390471789979024209e+00
-6.683973543382816240e-01
-1.228648989114867085e+00
-2.441822640431119407e+00
-3.751686354374398125e+00
-3.154588367444858932e+00
-2.571356692595621052e+00
1.849108405893389317e-01
3.759244422078379944e-01
9.176557643047404955e-01
8.195589598014461075e-01
3.867775526890233073e-01
3.673696752934949572e-01
-7.102430381764874845e-01
-1.752495242118087271e-01
-1.171999014210835521e-01
4.482287388428950470e-01
3.465798219583093864e-03
6.875833463968198389e-01
-3.893844555123227025e-02
4.723380014306808317e-01
3.569703606093387327e-01
1.699422805195937580e-01
2.385988538037571993e-01
2.510730777039398842e-01
3.148986546166738787e-01
-1.099986903699560203e-01
1.971424730487945642e-01
2.324391936256078040e-01
3.313916683457167056e-01
4.239831678272404369e-01
5.256118882140203841e-01
3.420741116162532292e-01
1.084872950258372604e-01
-4.578483520921089456e-01
-2.492727906560981976e-01
-4.091289231826451545e-01
-2.828863481789362089e-02
2.350252765357950802e-01
3.692167167421673835e-01
-6.915865714019314714e-02
-1.390113610007737144e-01
-2.046539008108362534e+00
-2.632805070742592068e-01
-4.586031967557055999e-01
4.242549927810513322e-01
6.105132955571565545e-02
-1.723825623501651916e-01
-9.169268509667142242e-01
-5.634014488531787768e-01
-4.245935284098373286e-01
1.294558068663620443e-01
-1.068050368195622157e-02
1.476839628056031140e-01
2.280174740837283553e-01
3.474279790081712394e-01
4.926297864158446504e-01
2.591548663626377369e-01
2.971046070246411985e-01
2.806420999361741719e-01
2.472829145337572254e-01
3.033775192225455775e-01
3.878738445546452418e-01
3.617843538213372234e-01
5.059681181589597010e-01
2.082477638814501097e-01
-1.407693931456269754e-01
2.635685496853132359e-01
3.275024968682657689e-01
2.108024912203606827e-01
1.494534101863642106e-01
1.537670242707582791e-01
3.063349036274281012e-01
8.086504348070955306e-02
1.098656208187903383e-01
1.310057054001265153e-01
1.388187362194337748e-01
-8.181379270242322699e-01
1.133846838117857636e-01
-1.009880854488554025e-01
7.608958251434227993e-02
2.713679054790091860e-01
5.059334463788349723e-01
2.282410009906069015e-01
-9.811806686338842010e-02
2.653504580470429919e-01
-3.329045819837366249e-01
-4.308612277828636206e-01
-1.455597164496084117e-01
-2.742633542834379545e-01
9.539137350750753752e-02
3.961253740431702752e-01
1.689215336187359084e-01
-4.109771753226554303e-01
-8.331484501393654485e-02
-7.806133569030407893e-01
-1.023616129148676168e-01
-1.591960560544170011e-03
1.100180223657226675e-01
1.111981663012041877e-01
2.332492505620095413e-01
1.185537554491454537e-01
-2.567311850019365238e+00
-9.726461519065122685e-01
-1.708552287513350199e-01
2.345909466629087503e-01
2.289338547978305993e-01
3.504247646341052125e-01
1.859038574305332259e-01
2.204229357145547352e-01
1.944709759013016626e-01
1.978800430162433455e-01
1.666531998156611238e-01
2.393112692576974676e-01
4.777866888020779190e-02
-3.017963100810568955e-01
6.997595167716419429e-03
1.349255206306209653e-01
1.066046081252952638e-01
1.066624276974792451e-02
1.631030018609815335e-01
3.414899365915463614e-02
1.486853370000626728e-01
-1.374355817533345903e+00
-7.955903742259337053e-01
-4.409230114794989719e-01
-6.333486793666903703e-02
3.042567838322718377e-01
-1.937253606751715429e-02
2.575965285469785093e-01
3.530161871970084464e-01
3.298240014982661283e-01
2.185972239370941594e-01
-3.635526112965674628e-01
-2.172777235112072769e-01
-3.517551074358936658e-01
-3.844570627678766117e-01
-3.189963663844056274e+00
-1.144729510751933077e+00
-4.591902003714305458e-01
-7.018922133977508748e-01
3.985596659774103823e-01
-3.073763695107605720e+00
-1.652832249675383558e+00
-5.918094314704681835e+00
-3.329943135981665581e+00
-1.864389280895361711e+00
-3.466910185475393646e-01
2.599866202805382609e-01
4.263051133668503967e-01
4.973819455084136920e-01
2.944243086110495677e-01
6.886350737263691180e-02
-3.078885845833654322e-01
-1.667790584202655801e-01
1.063087259020686626e-01
-2.985812374459373419e-01
-4.515916369340646774e-01
-1.751601940178472372e+00
-4.733864541476114907e-01
1.860187619336765019e-01
2.842519179321219003e-01
5.231098243242527923e-01
2.175129984385744397e-01
1.528849285055348117e-01
2.695462028676209876e-01
3.125005164558527504e-01
5.526816058472214799e-01
4.313954449603281116e-01
2.957061031893981062e-01
3.883108577349005386e-01
4.139175922276553954e-01
4.853895731863199781e-01
2.025599861133969282e-01
3.527888027133151416e-01
3.638154296081670958e-01
3.234829348321021647e-01
3.370449123860099205e-01
1.829168101258319412e-01
1.219526232553284351e-01
4.321094301811022054e-01
4.783404760722299587e-01
3.889716716707789512e-01
5.879824311406569581e-01
2.594785901371275405e-01
3.398034146585924842e-01
2.855995693920920786e-01
2.860213115553959518e-01
3.536671432619397093e-01
5.042484200283008366e-01
5.694470938898029688e-01
3.503594137536343855e-01
1.063245415037468167e-01
1.045421387066192143e-01
-6.594863868224449810e-01
-9.560229571173454177e-01
-1.125028261340420555e-01
-7.524530572693909347e-01
-4.006526546121149668e-01
-1.475043352698823806e+00
-2.657926169823960905e+00
-1.624118635426975987e-01
8.963211096187115312e-02
-7.470618983896759602e-02
1.009664252960175701e-01
1.015863683166439435e-01
9.259889870334556128e-02
3.111805460820204483e-01
-2.505641893105731155e-01
-8.305753473406690679e-02
1.380839884418747221e-01
1.790679234617531534e-02
-3.535565233844860655e-01
-3.126093311390646390e-01
-3.179587376685732991e-01
-6.220336348488736400e-02
-4.308197871012114932e-02
-2.468303656126052958e-01
-1.422382229647908058e+00
-1.425253775686864399e-01
4.993223960725903798e-01
1.635679494614566687e-01
2.674480319206352652e-01
3.440736531041587165e-01
4.531883567684293901e-01
1.543603201189734375e-01
-8.447485083586766530e-01
8.467682705483409178e-02
2.711704148431853811e-01
-3.550504012756455774e-01
6.017536067545431466e-02
2.538290646645282589e-01
1.914383799518002416e-01
3.205446274275939311e-01
2.489673205280122648e-01
2.108190731523836570e-01
2.852812221085446187e-01
2.520013231232112738e-01
1.889515291137194852e-01
8.088559175691076297e-02
2.497906330871748903e-01
-1.242037474403373531e-02
1.612601159654003524e-01
3.457050379539908236e-02
8.696781335750200514e-02
8.432147683002583216e-02
-1.832203297220414973e-01
-1.720397907672231330e+00
-1.924901390671251100e+00
-7.489306085958787884e-01
-8.063490598650523422e-01
-2.544570431311954373e-02
2.808729533513991683e-01
6.544653249458192157e-01
3.121374390168337176e-01
3.550420861735462119e-01
1.040244294232949285e-01
8.613629007859260889e-02
1.485630067505105956e-01
1.469535441010457744e-01
-3.699882852063069993e-01
3.351629547472248505e-02
-1.095805019090578258e-01
-3.494871326564570335e-01
-1.576277204343218941e+00
-4.101633321864828208e-01
-6.583249466595392230e-02
-5.111236973524211358e-01
5.267302981685428875e-03
-1.184045751682460512e+00
-1.162140930768936542e+00
-7.890978650742194178e-01
-1.568269161208669105e-01
-4.793239068723345042e-01
9.616668601536104699e-02
-3.441104748893470955e-01
-7.776785425056832457e-01
1.442069014565882934e-01
-6.428377507574278837e-02
1.723693369415702503e-01
1.717462898335496480e+00
-7.399884420763366277e-01
-5.222636002941828393e-01
3.171856741953566483e-01
2.961655277921316221e-01
3.046225935743386848e-01
3.094512162071452743e-02
-7.122174100621905257e-01
-5.261709533066812883e-01
-1.239143811188262445e-01
-8.269016574297235467e-01
-8.697629281161763926e-01
-2.772358815735207482e-01
-5.059622393006143470e-01
3.764911402148016784e-01
1.165832163751669148e-01
3.393800271081323650e-01
8.171126731015929678e-01
4.245469216585455730e-01
8.841181159667806932e-01
4.412339577289014492e-01
4.406347439376706587e-01
4.182093803971314583e-01
-1.948152504414529806e-02
2.600912573983462095e-01
2.403432896980204070e-01
1.226048237154508946e-01
2.599300107234523427e-01
2.292581148235801891e-01
2.830299834431314054e-01
3.026417260365860673e-01
1.216699250063097093e+00
-1.302032692729943708e+00
-1.108119751817269183e+00
2.264675018394473605e-01
-7.593482729718853408e-01
-8.689006704617495691e-01
1.869453258869125667e-01
-4.177537471542087655e-01
-4.568961464247436322e-01
5.823096527389423627e-02
2.682373688948799795e-02
-1.025351598490651384e+00
-5.324354338755697968e-01
-1.021414471897075238e+00
2.345385301217509932e-01
-5.195002812160566252e-01
-3.025755939832169616e+00
-1.198926618197468930e+00
-1.378170797112117651e-01
2.785359493529646069e-01
1.722182799577185730e-01
3.384365256472798289e-01
3.533298270950581688e-01
3.763465868103866296e-01
4.390595895991060704e-01
-3.637806550276193596e-01
-5.126916817193005738e-01
-3.345853162308176643e-03
1.710156800329993287e-01
8.517577385395669332e-02
2.615375197925738360e-01
-8.009332477940278583e-03
-4.540508491150807568e-02
6.007222032182638061e-02
1.862505112343165736e-02
3.156360709186865066e-01
2.502640814386415391e-01
3.057822134039712147e-01
2.949292475447183870e-01
8.688378062299428883e-02
-8.903597377952549019e-02
5.131032773017296655e-03
-9.051407982011111519e-02
-3.223576583232855564e-01
2.945541914897891189e-01
-2.794755168904011766e-02
4.678001297419541737e-01
-5.688082668163835232e-02
2.649322848090581717e-01
4.837173228950889525e-01
6.521154313884935938e-01
4.912390758532686474e-01
5.978109237285126332e-01
8.026640287712263344e-01
-1.155903185247741938e-01
5.777993750958131391e-01
6.182922689323380183e-01
6.792293290691402419e-01
7.701774451393322840e-01
-1.062398570934943720e-01
3.452985685571671182e-01
2.110266212535990282e-01
4.932954755232921151e-04
-2.661484894272498902e-01
8.366505836108747429e-01
-2.175300520282573924e+00
-2.122395489636152988e+00
-1.321977311596783666e-01
-3.117861424669654546e-02
2.887199320541682379e-01
7.371679339912895479e-03
1.524425283458855085e-01
-4.264451912861383365e-01
-2.823334913986713879e+00
-6.429871728844238632e-01
-6.731232808138809531e-01
-7.257922910128230543e-01
-3.382666449968438904e-01
2.338782271512202804e-01
4.415033944072020988e-01
7.811986690643355491e-01
5.879436301388600850e-01
-2.066583064369384992e-01
6.933533576088399264e-02
4.148848865471471692e-01
3.190707665806285509e-01
3.922250835637007271e-01
4.910389365594249877e-01
4.594870899052402313e-01
3.067888474313480440e-01
-2.398528501805021751e-01
2.248417506045923275e-01
-5.686936160245692484e-01
5.055102617525437658e-01
8.426093202776068214e-01
3.431922816275469468e-01
-5.664139176036681045e-02
3.295555557461235519e-01
5.825346233793453621e-01
2.426317452998709989e-01
7.077963282177204829e-02
-1.207978091244706231e+00
2.739106342466702815e-01
8.381120461106245090e-01
-4.502104229141128400e-01
-9.351490875299517391e-02
-1.619266841100481247e-01
5.553371352677031192e-01
3.975511894449085259e-01
3.999551345123413260e-01
-9.233396151859089018e-01
-6.825079050171289907e-01
1.823764647572334585e-02
1.611348439280195499e-01
-1.778605609145603061e+00
-2.806184910188139758e-01
-2.722659390216619624e-01
6.100811670681033361e-02
-2.552705468642874065e-01
-8.250828117669376516e-01
-6.894678486921824723e-01
-1.927589029286008171e-01
1.375990091552325989e+00
2.233997313543809149e+00
1.640825220132563489e-01
7.094343570120495990e-01
1.999307589517232753e+00
2.435700049767930420e+00
4.416379368457139520e-01
-4.428504880293208101e-01
5.709384193230369053e-01
1.092397039147245952e-01
1.564013050824231144e+00
1.886539440909147824e+00
-1.832818609492631867e-01
3.630322852702666525e-02
4.184030744046804973e-01
1.742599922251611422e-01
2.806051164387378116e-01
1.992918746950020914e-01
1.092497582799138556e+00
1.503577775976169484e+00
2.135977109119231443e-01
-4.456550110021796351e-01
-7.648222794230706834e-01
-8.825276356376311471e-01
-6.031918047318614029e-01
-6.218850069495441835e-01
-1.757569208575116004e-03
1.644896096660418694e-01
3.182569210188476161e-01
3.632201713901676565e-01
1.611956928315324555e-01
-2.003149399944870734e-01
2.629993064946446468e-01
8.072854996689532436e-02
-1.687534848371041729e-01
2.676805316038584626e-01
-5.076817363001356886e-02
5.254064010606123158e-01
7.349677104233920399e-02
4.020822265067532930e-01
-8.784829285286323008e-01
-1.778618978187235800e-01
1.022511352955889352e-01
1.494191303947652594e-01
4.408154937677468688e-01
-2.229028396965904157e-01
9.464875840885875191e-02
-7.631885498526219669e-02
5.369198874261141285e-02
3.735813804703033703e-01
1.297491473785135518e+00
1.327691878687724092e+00
1.201934826284026148e+00
7.105758404873705469e-01
7.861638936953934120e-01
1.558390422719377000e+00
3.911947817047567000e+00
1.129200513185260046e+00
-5.156253784441426902e-01
9.040308407248409672e-02
-4.083894064125929146e-01
1.891041163583368490e-01
4.149862210230541582e-01
6.195571939305176690e-01
-4.493778181108863956e-01
-6.779904489067412054e-01
-4.150432986306739069e-01
-7.826973482773623703e-01
2.429123692098536513e-01
1.521532431300787469e-01
1.746995535080236583e-01
3.216524134845797911e-01
-4.196057827795141026e-02
1.097920455810137141e-01
5.689838208158853883e-02
-1.570797828304998367e-02
7.277268855952689908e-01
4.287655859330362640e-01
3.011372713672570423e-01
1.466069590470478357e+00
1.332231066168541922e+00
1.904130268523966052e+00
1.347194504979890350e+00
2.974822885686723151e-01
-2.189965260413069270e-01
-1.003836531333657800e-01
-5.501568841509515417e-01
-1.785186525735276697e-01
3.223949733700839926e-01
6.743440557919930800e-01
1.191897533406143239e+00
1.723644463704372409e+00
1.497560592458307749e+00
1.728118441622776391e+00
7.379548432859546203e-01
1.322059546529323004e+00
7.175971418785671574e-01
8.972497339208572731e-01
6.387879757134959924e-01
6.456484504924824286e-01
1.349057074842910098e-01
-1.411036627518231779e+00
1.180201007510108813e+00
1.955310183566996152e-01
9.322732031115787965e-02
4.128244111927455995e-01
-6.219294963925515729e-01
-5.330447975536728444e-01
-7.877558133091814296e-01
2.280151178556297231e-01
-1.081174706165453525e+00
4.019501927428217325e-01
1.837147463720344431e-01
6.840258068360096644e-01
2.106833893126788260e-01
4.419360199297708847e-01
3.570755421707595967e-01
4.274382388092902163e-01
8.799604710108505090e-01
-3.706356739387439703e-01
-1.579249624027067034e-01
-7.290389395398101380e-01
-5.798704102696274898e-01
-5.906393911713537781e-01
-1.440164840048768768e-01
1.509710957030140910e-01
-4.771612655165624606e-01
-2.875427294968014857e-01
2.573557101400327229e-01
3.100063727145403458e-01
5.797022741658965916e-01
2.890334269838360504e-01
2.457744099535141280e-01
-4.062184340239916036e-03
8.436481060239510166e-01
-1.497676561309868593e-01
-2.778449056692827712e-01
-5.886202465650849369e-01
3.388182413752456879e-01
6.801940231126506475e-01
4.763523832342958508e-01
4.818320228555467155e-01
5.213315823572619578e-01
2.382420589326396387e-01
6.013386173220927056e-01
6.632379624720200484e-01
5.965861901326473538e-01
6.706418264444935495e-01
9.176429935276402272e-01
6.850950210277828578e-01
5.717504493883887040e-01
4.108135827320873457e-01
-3.531529291871382537e-02
-2.932806977717727914e-02
3.468401876539162210e-01
-1.946094974409853795e-01
6.827520203806056176e-02
2.969749300628391486e-01
-7.771600984411441981e-02
-1.246673376724373838e+00
-6.224029964290015426e-01
-1.706727556822804637e+00
-1.885764486597793610e+00
-4.087622728723234289e+00
-2.366190862476238443e+00
-1.180672963094254513e+00
-1.877919873433350206e-01
2.783940454057300395e-01
4.676757666131466928e-01
1.922985042941504630e-01
2.204236498383061460e-01
5.951340603802220963e-01
7.075914208990925491e-01
6.383100589470447339e-01
-4.673708154605005216e-02
3.697294416566853092e-01
1.796634074765370293e-01
4.614495527865278834e-01
8.763512004438892000e-02
-5.400284431512075711e-02
5.622953855729962980e-01
4.444384632557998316e-01
1.204533627910758797e-02
-5.193318444256759259e-01
-1.595894067457471199e-01
1.505058002076511692e-01
3.686997495086905552e-01
3.651608705101098140e-01
3.925230891255634402e-01
4.855631922900894848e-01
4.006166274797978710e-01
3.850941243009456394e-01
4.438742274657774267e-01
3.791642267241472908e-01
2.176406826470174416e-01
-1.487816169896374774e+00
-3.715758773571184115e+00
-4.061786932778293391e+00
-1.528859101787847674e+00
-4.615535882386690325e+00
-4.043452617540162386e+00
-1.710195335268435812e+00
-2.632725746138139922e+00
-4.318392410273149018e+00
-1.612368567254569118e+00
-3.514536028037829940e+00
-2.295634158408450531e+00
-1.875882379401823563e+00
-1.731163159554416797e+00
-1.667251914236219434e+00
-2.584770758085875642e+00
-5.032517432346941710e+00
-3.609382529310147802e+00
-5.940685684221808316e+00
-7.999499337935970011e+00
-8.153190828043880956e+00
-5.298556979729640126e+00
-6.764710707867727102e+00
-7.618388666931888764e+00
-3.663693623046131442e+00
-5.030654674255843339e+00
-2.170640442327167019e+00
-4.489409078765074668e+00
-8.322507558363739122e+00
-2.608255733893320549e+00
-3.819550669764410156e+00
-7.139310456122183624e+00
-6.260649183533278261e+00
-8.257217426819989825e+00
-7.566362929241851276e+00
-1.084476226357092443e+01
-4.769330194685795554e+00
-3.326562940608511099e+00
-4.378674354004320257e+00
-4.110495849839291616e+00
-1.665334254362543565e+00
-2.360646070030194554e+00
-3.158912472491688828e+00
-4.707409218075587987e+00
-4.631923646291366659e+00
-4.203190511623138725e+00
-1.644765133604793483e+00
-3.828141133558130793e+00
-1.789139617171088492e+00
-1.002161845290279185e+00
-2.853442417949183962e+00
-2.945023665108538857e+00
-2.567777976587211519e+00
-3.241367470738999668e+00
-2.593748136938491378e+00
-2.785318762992500030e+00
-4.339752413563440214e+00
-6.006654503034035919e+00
-2.169681598814284573e+00
-3.388729208359774869e+00
-4.448689739512263763e+00
-3.172101671232872899e+00
-5.581606301155694894e+00
-7.365812027398489725e+00
-6.076554837368637330e+00
-2.891649215676465268e+00
-1.752956563849970006e+00
-3.175939136267242890e+00
-5.591410837974975401e+00
-2.917993474256411979e+00
-2.222341626403724568e+00
-1.179318269048146739e+00
-1.223618735378905420e+00
-2.478435771052946546e+00
-3.958487185269292663e+00
-3.648711245142524540e+00
-2.523282188976866625e+00
-3.541850357676308292e+00
-3.653778148594757802e+00
-3.410624453556664992e+00
-3.366212605672944669e+00
-3.081811077694178280e+00
-2.648179823783629150e+00
-1.947736050187045986e+00
-3.143924819333773435e+00
-2.705960749793199227e+00
-3.208337296379572656e+00
-2.948368882894861098e+00
-3.112840498203594652e+00
-5.220918310248398697e+00
-3.438838287949062877e+00
-4.685880713143389720e+00
-3.302576024728028692e+00
-5.171652999571968445e-01
-3.249054888502190153e+00
-1.945492350241653234e+00
-2.887774756937333098e+00
-3.104525411383348477e+00
-3.405885265218079105e+00
-3.177942304120609851e+00
-2.888726933960146681e+00
-2.171875362452239333e+00
-4.251127763308813812e+00
-1.462922192519937159e+00
-4.194525076458310409e+00
-4.797034452486446554e+00
-4.775084949422399916e+00
-7.266421736744105075e+00
-7.004593782532819723e+00
-3.711852943750191258e+00
3.427273836179893340e+00
-1.086246230170173188e+00
-1.971838823940645025e+00
-2.102981513086047194e+00
-3.679120682414172006e+00
-3.936830067355890694e+00
-3.624134950075582395e+00
-3.845486935302540932e+00
-4.681391284988912105e+00
-2.306534490317651453e+00
-5.036749378826215207e+00
-2.468648204461964202e+00
-5.669895842214829784e+00
-5.152483261697268446e+00
-3.972876332473310068e+00
-5.879854659666978733e+00
-7.897179220161313573e+00
-4.998981312298301560e+00
-7.992555602372960699e+00
-5.816603811024292803e+00
-6.707439179512080685e+00
-6.770776129603925497e+00
-4.000108988747145489e+00
-4.147448711039748659e+00
-3.086715000955510657e+00
-2.724274588534720820e+00
-4.601802964102324367e+00
-4.035389850320588501e+00
-3.186687366455180470e+00
-2.642939327781583803e+00
-2.725075864385415603e+00
-3.586892960529813656e+00
-5.056332740730227648e+00
-3.854268670548501863e+00
-4.489919477090948519e+00
-5.418739386558841353e+00
-6.196745359915978746e+00
-3.965371093039145922e+00
-6.064204073568935982e+00
-7.753925128748858420e+00
-5.202205590947666103e+00
-5.558105224477979611e+00
-7.381174971218628755e+00
-6.243909536290193962e+00
-7.904651805683179155e+00
-6.849582464587024688e+00
-5.280669264975441202e+00
-3.405756697443089731e+00
-5.076317403618993751e+00
-7.029188950465342423e+00
-6.693765680275101992e+00
-3.470700354993826675e+00
-4.512365045886958193e+00
-4.858943278783028674e+00
-8.676133059185715979e+00
-7.868231323958101875e+00
-6.227380309955525384e+00
-3.762911350206070704e+00
-3.614126112868273566e+00
-6.219883048410670412e+00
-3.796792107964872098e+00
-3.826806466660860107e+00
-2.035322380689637445e+00
-5.611816781726081338e+00
-6.616469828586439839e+00
-7.768854035369293420e+00
-5.368853689169017507e+00
-7.716638466435166599e+00
-4.209244660022642748e+00
-1.038949150398989829e+01
-4.382974671471975725e+00
-5.625134245459917359e+00
-5.704348909366777631e-01
-6.647763970378375298e+00
-4.047555033580640504e+00
-4.455164952428885883e+00
-7.820051920806244006e+00
-4.758106342154320600e+00
-3.831450246472623444e+00
-3.109975243256311472e+00
-3.925840291652380021e+00
-5.603908360589960225e+00
-1.029679369815080392e+01
-7.097287032320790168e+00
-4.874617294515406485e+00
-4.362077084856783138e+00
-1.920873410097565959e+00
-2.612526737804561794e+00
-3.480994953644936718e+00
-3.307289611212835823e+00
-3.918063973052079429e+00
-4.731294578247156046e+00
-3.435677721807793628e+00
-6.739870416658390262e+00
-5.714070548352074397e+00
-7.069129827021151335e+00
-9.558055139185443139e+00
-2.516069472925853479e+00
-4.403005088235043551e+00
-6.513412368449552403e+00
-4.736813576955437810e+00
-1.161424841730221758e+00
-2.724763722530755494e+00
8.748035494658186195e-01
-1.094383773720113417e+00
-2.424805745965302517e+00
-3.575260769884919476e+00
-2.754286733210965732e+00
-3.374987143286502622e+00
-5.704599460647418852e+00
-7.352279641327037041e+00
-4.627446220918341346e+00
-1.371202499940336672e+01
-5.464960362540831618e+00
-6.051033078695206235e+00
-1.042530502386433433e+01
-3.804724328043262549e+00
-1.319469220473602267e+00
-2.021431359523929494e+00
-2.084924207027561316e+00
-4.279146237116361329e-01
-3.056497921357958170e+00
-3.145292192407679099e+00
-7.191662940850837238e+00
-7.757284598896133865e+00
-3.484597331438777701e+00
-5.339110601555626445e+00
-5.176414080174037480e+00
-7.387549551116042501e+00
-7.404281388217506255e+00
-7.246045680457278593e+00
-9.615223568022472023e+00
-9.383913542107290340e+00
-6.742649036349154024e+00
-6.024023466189000864e+00
-5.425751289865590188e+00
-6.506955418752396803e+00
-4.633679719744689507e+00
-1.060265691087126427e+00
-2.056277948271764799e+00
-4.859944254484830140e+00
-4.107415990806021711e+00
-7.034012157587786973e+00
-1.255833605364253636e+01
-1.683661674462327795e+01
-1.365362692849682880e+01
-1.182559018473223311e+01
-6.001022704664019436e+00
-6.497902451808092117e+00
-8.364127424395764621e+00
-6.541305001562756516e+00
-8.335683395588608491e+00
-4.376934177256392111e+00
-3.361069636461617272e+00
-2.807939096899231934e+00
-2.726401699427680292e+00
-4.000539699498337320e+00
-9.504914571439712745e+00
-1.031784921755872020e+01
-2.752564554148456466e+00
-3.246298559875998802e+00
-2.339985877554704441e+00
-1.679868140657299058e+00
-2.204847377018296140e+00
-2.800662509312182635e+00
-4.016775937816692732e+00
-2.657740138085904480e+00
-5.925801631374661760e+00
-1.888466023423286622e+00
-4.014131015490296939e+00
-3.521445208458826581e+00
-2.092521186499535002e+00
-4.223569509904714359e+00
-2.963086114356872525e+00
5.514484308569836957e-01
-1.100393782381444474e+00
-6.059957641984801135e+00
-2.740310706751008407e+00
-2.511703683151030209e+00
5.539637184949726567e+00
7.430591683404043302e+00
1.036307414764756629e+00
-4.507850596874982685e+00
-2.779303523594207181e+00
-2.577809424242619052e+00
-2.794524593579497562e+00
-2.437248057247799249e+00
-4.064778678893415709e+00
-5.365843454945379065e+00
-1.177776874118356520e+00
-5.646093227949576798e-01
1.569204415422618126e+00
3.968887775030036091e-01
2.240291729606378457e+00
2.082037595433611221e-01
-4.748657968545447750e-01
2.059798456383833687e-01
-1.574415230458586112e+00
1.459909558044070632e+00
1.789512397161107105e-01
-1.889202088411657598e+00
-2.160041950470984684e+00
-1.502662685705179690e+00
-4.247466433339130099e+00
-5.457767050180154733e+00
-3.727837959744907170e+00
-2.297407573160781702e+00
-2.419744898329429184e+00
-2.780434792556720325e+00
-4.254666072842869795e+00
-1.973410931564499204e+00
-2.324035354462471226e+00
-1.102404079255633995e+00
-2.348014309388043452e-01
-1.975222933180076801e+00
-2.222791531946966881e+00
-1.506106584332438825e+00
-1.753516386750072709e+00
-1.465725726194294420e+00
-1.430756093066865908e+00
-1.664294533217212546e+00
-1.889917195523721283e+00
-2.927112780982711993e+00
-1.762802587391535614e+00
-3.438742469028587045e+00
4.432655191030498432e-01
4.774720652075311600e-01
2.230381717531401353e+00
6.688624535928063830e-01
2.408589151248636373e+00
2.498360335516311981e+00
4.060250879537077751e+00
3.389452964827541770e+00
4.926511189921123801e+00
2.749116161553823989e+00
2.109713971164735469e+00
3.840097989679639667e+00
2.761848129320891410e+00
1.424848718505375977e+00
2.078655258704427577e+00
3.969268460525655406e+00
1.267063689331870080e+00
5.206004274004143895e+00
7.454664036343957356e+00
7.294395484170454580e+00
5.704848439307480312e+00
2.787439395365107320e+00
4.556776224068338266e+00
3.639958584397905206e+00
3.300922731464294824e+00
2.686590310831539430e+00
1.666575859096685708e+00
5.133627893381589313e-01
8.797329743932313928e-01
1.330562044827357404e+00
6.206197221845647150e+00
2.713770656899177514e+00
1.240144185071155647e+01
9.857903663154293783e-01
6.218749298017504756e+00
5.687251958995555690e+00
-2.445779564598353328e+00
-2.115820982282554219e+00
-3.567018699178349017e+00
-4.700406066225368384e+00
-3.798912840269546454e+00
1.193943905202020428e+00
-8.319900953286200052e-01
-5.397770617126393944e-01
1.314574933853014937e-01
-5.292237713301517488e-01
3.054952022988942639e-01
-1.062123503896803545e+00
-1.366715784869506400e+00
-2.840781145470574920e+00
-1.341092452479838659e+00
-4.529407665499305402e-01
-2.382921047602060582e+00
-1.863034932439983082e-02
-2.803087208719333034e+00
-1.161518645699594732e+00
2.323977582123498975e-01
-1.681132099673491087e+00
-2.984746629179249044e-01
-5.231257582735477918e-01
-5.067623281093552867e-01
1.217234848051366169e+00
1.538259666369605316e+00
2.285070713225956673e+00
1.383885108568451816e+00
2.243072190823345746e+00
4.430659244039368616e+00
2.518043094246346758e+00
7.473830454015004676e-01
5.388265459767431764e-01
6.719738210259529332e-01
1.334053426650109397e+00
6.384204569338121082e-01
6.886810039859351251e-01
2.607369950276201997e+00
2.136437183216860269e+00
1.609897599452376760e+00
1.674873757946329089e+00
2.072155814636325921e+00
3.944679719514296856e+00
2.592533686856366870e+00
1.999351023304357433e+00
9.923507461429575960e-01
-2.250053732263619377e+00
-1.286292402651533884e+00
-5.611442552157035468e-01
-1.825397363408447049e+00
3.359938369276384007e-01
6.494782215118146684e-01
8.464941355651196542e-01
2.113057860242519403e+00
2.768355423273967553e+00
3.621698878841125957e+00
3.815461641572478690e+00
3.112844729624333340e+00
6.293294695045383413e+00
7.381816691625964211e-01
4.828313109851482210e+00
-4.413551424651911859e+00
-1.912305631561128649e+00
-2.641028038763568286e+00
-2.266673980403500543e+00
-1.087119443283705689e+00
-3.557527239374504546e+00
-2.312109248706190723e+00
-2.309878642989455333e+00
-2.323573273335173717e+00
-3.971626867696688823e+00
-3.338050751259649562e+00
-3.492492597990816794e+00
-3.150779139241287830e+00
-3.265834911690457254e+00
-1.064062000970507960e+00
6.309404179266959733e-01
-1.064231585537760427e+00
-2.821764197392206519e+00
-2.213848920629900796e+00
5.200822383079823918e-01
1.317355506902858409e+00
2.080457086584422743e+00
3.586704551878738378e+00
2.891139176160031798e+00
3.311454176055433241e+00
2.771421450307913315e+00
3.502820514109863836e+00
-6.157560737131378970e-01
-1.840142416654899638e-02
-1.592623599952819546e+00
8.610378964950605729e-01
5.124391876899252463e-01
7.200271544480505437e-01
-2.563337517409002286e-01
5.812642707494288796e-01
5.540254812497967807e-01
-1.238341639952317941e+00
1.392644446859878204e+00
6.882865024283941757e-01
-9.217269653076737290e-01
-1.442197623586164656e+00
1.741784100898745580e-01
-3.970859148845106157e-01
-1.054893909211118697e+00
-6.618945072269782903e-01
-2.499003233305843175e+00
-2.412999641443282606e+00
-2.499717942638842505e+00
-1.823536702580259572e+00
-1.622051132874288371e+00
-2.715623630693520418e+00
-3.430958508080905300e+00
-2.178826743516072195e+00
-1.757222182011634271e+00
-1.576053478853457701e+00
-3.580152083395917284e+00
-2.051134348064863389e+00
-1.421575467909449664e+00
-1.858748910160547219e+00
-1.859004357805413843e+00
-3.300588804652647035e+00
-2.101593967738510482e+00
-1.624434947534771023e+00
-3.430071990262544279e+00
-3.417444621066385135e+00
-4.308371336307017962e+00
-4.800346384096031649e+00
-2.737943259585023714e+00
-3.307233937840253546e+00
-2.881566683470573320e+00
-1.907929948182005564e+00
-2.870099604665901971e+00
-2.865929037783604638e+00
-2.001450854749167618e+00
2.022462898751034466e+00
4.247039462928770881e+00
4.373634338689343259e+00
9.769047940512740613e-01
-6.087529832996280144e-01
-1.532848524922551636e+00
-2.023721743732656009e+00
-1.851989584728374716e+00
-3.496777662476892701e+00
9.683722739932504320e-01
1.166598135449963047e+00
-4.139915992325195582e+00
-1.331954789547297846e+00
-5.681867878389175175e-01
6.909532285276940300e-01
9.719559019146493117e-01
9.433479105620227179e-01
1.106977603055526505e+00
1.720740834391675023e+00
1.166543135504468420e+00
2.964380073770387813e+00
6.517287511651441712e-01
1.749819176541925980e+00
2.590457351223042437e+00
1.996290876885066901e+00
-1.049176119467674084e+00
3.446224235084582865e-02
3.774527799931610694e-01
1.933239493446052837e+00
2.075090237064148857e-01
-7.684896918090632356e-01
-4.702543439851595508e+00
-3.235120642343065178e+00
-2.110123681884513491e+00
-2.639375317004061472e+00
-8.216467349630908190e-01
-1.192765508489751491e-02
-6.017085087693929690e-01
-2.670746214943787944e+00
-4.408897088319000623e+00
-4.178895856184243307e+00
-6.639709565834850835e+00
-3.816278500600170265e+00
-1.182433859466814674e+00
2.610089900099891169e-01
-1.163983880568846718e+00
1.262165846470236552e+00
3.464992725616109492e-01
6.707448100221174991e-02
-8.180130002159657909e-02
-2.199957004896226476e+00
-3.169831358188584858e+00
-1.194190756254672081e+00
-3.180373173485111504e+00
-3.843300594306252815e+00
-2.527327358860179896e+00
-1.999477282410496048e+00
-8.806661309072324473e-01
-5.129813317226455949e-01
-7.029196448399689379e-01
-1.630076945583341930e-02
-4.052419271751569463e-01
-1.207124650222560769e-01
-3.250307712874481503e+00
-9.077185469021972208e-01
1.250064051094923689e+00
-7.543734740163580144e-01
-6.935935496069847161e+00
-7.677125140584207807e-01
-1.172438067003983786e+00
-1.867496260180823597e+00
-2.585526326013792620e+00
-9.284788529711326399e-01
-3.210160585743524475e+00
-5.147073709020364429e-01
-5.657710063281288226e-01
2.570685335417455697e+00
1.160526552799282296e+00
5.039300918976263866e-02
-2.254708540087229540e+00
-8.192506074359259260e-01
1.942578570337631483e+00
-2.572968039799775619e-01
-4.509691495611281020e+00
-2.622313993548549549e-01
-5.064166061310779732e-01
-1.576358387301934449e+00
4.631934077445011511e+00
1.857209587579043752e+00
-7.329927678011622483e+00
-9.233316415951199119e+00
-3.645457508788909173e+00
-3.178302943066436015e+00
-1.692572000884170258e+00
-4.164864660364531623e+00
-3.977787356255939155e+00
-2.752559014949251370e+00
-2.193926879486464809e+00
-1.820240063133244046e+00
-2.085501615987328528e+00
-1.236859927148095561e+00
-2.354728267322706792e+00
-8.776369074134583448e-01
-1.613935605972476761e+00
2.172897206080470767e-02
-2.805216604471593156e-01
-1.178206823856281282e+00
-1.191237622606987401e+00
-4.598214425546038875e-01
-1.267219169234162557e+00
-2.545143313937452856e+00
-7.886025655691309977e-01
-1.155375129958896352e+00
-1.347455940032518562e+00
-8.494778158741284058e-01
-1.072989406421065883e+00
-7.362641860658191151e-01
-4.551656225148448254e-01
4.553437709948324752e-01
1.003009021179493310e+00
2.268942494812830279e+00
6.930035102278309100e-01
2.695600041083246468e-01
-2.253255514271153448e+00
-4.011940863307847938e-01
-1.270478533364999496e+00
-1.201100900091232493e+00
-1.319297278136520646e+00
-4.516771091853760689e-02
-3.255122748324144055e-01
9.898978994844817580e-02
-4.396121610475005603e-01
-1.163660271681939751e+00
-3.701987725839556376e+00
-4.143754065196397995e+00
-4.686517388785990335e+00
-3.877778116273626896e+00
-2.848865792104465999e+00
