2.640454362751091799e-01
2.161723364076805209e-01
1.076030973863553591e-01
1.387296945357197608e-01
2.147491900768389583e-01
1.685286335373289424e-01
1.099379124379697426e-01
1.127007789342584221e-01
1.354173833941321459e-01
1.818534573259717180e-01
-6.360102597270386737e-02
-2.036472147769025354e-01
-1.191272645595201074e-02
1.519748465578501240e-01
1.420245820633215528e-01
1.259463190416265643e-01
2.550511163697085637e-01
2.373066932859843881e-01
2.640970880942629662e-01
3.937211079301250471e-01
4.820693531894586492e-01
3.813590253858517576e-01
5.571571706534770296e-01
6.476713267600764379e-01
5.232925090197663165e-01
5.959253172089257200e-01
7.806629762432529818e-01
4.262977723431982113e-01
4.533996455462718789e-01
3.036486400702355093e-01
2.767840967979279254e-01
4.540942400759911957e-01
4.302420418620037657e-01
5.630197641680626530e-01
2.861387853733675657e-01
2.396689095231053224e-01
2.900189737023516345e-01
3.486580177572323747e-01
3.025446441566736477e-01
3.565634394127015216e-01
4.047323927061672322e-01
5.631801363054266263e-01
4.520656744906524915e-01
3.583374742000960955e-01
2.874256048670479347e-01
1.701711009141322895e-01
3.649319082462124664e-01
3.535901316163093666e-01
4.127652137278318145e-01
3.708355622497530035e-01
2.662034859720624480e-01
2.475889449004365916e-01
1.481859183130172786e-01
2.295699227501146744e-01
1.464823577760160922e-01
1.926187497812872906e-01
2.779735551450898123e-01
3.119520558227411033e-01
4.806747620753980543e-01
4.337670897541920922e-01
5.078082693092746958e-01
2.644893532769276856e-01
1.714224928169126305e-01
1.647212259909194565e-01
2.422607497311816960e-01
2.060643300284978052e-01
9.640134666571489874e-02
4.121069341624543358e-02
-2.875273842741443708e-01
-7.615029571899586958e-02
9.938855070944570269e-02
-7.382538078296335682e-02
7.181397974152604891e-02
1.109083119386177346e-01
2.912961154132215347e-01
5.431772304674532814e-02
1.511917003221265876e-01
2.437040662862303975e-01
4.349757716741066149e-01
4.198496372592490644e-01
3.479256237509535943e-01
5.530723237206823795e-01
4.296560052595191914e-01
2.583953204752048038e-01
4.321068519802371277e-01
7.513569694687903811e-01
7.454798194271105016e-01
9.781845247931830745e-01
9.102159180490072554e-01
1.163931532853043516e+00
1.109149016876042948e+00
1.033352681804695417e+00
6.849243201268936376e-01
7.542083015692623293e-01
2.184734936260458449e-01
2.374897084635920752e-01
3.861567858506745332e-01
4.071110936000416070e-01
5.548612624484384748e-01
4.122965709961907699e-01
4.740623031625499362e-01
3.958704300294965117e-01
5.779400400993826015e-01
3.898048607149200429e-01
4.537011835691064920e-01
7.243504489714891470e-01
8.669063231682488935e-01
7.274381383435734039e-01
9.371727054993015393e-01
5.638759710960937754e-01
6.243694490399051000e-01
7.081856007740241488e-01
8.871971050785744106e-01
1.476661298510742459e-02
-1.792502685924789729e-01
-9.036540766157857840e-02
-9.738407232262549784e-02
-4.692653663602458503e-02
-9.841644640731525562e-02
1.551960054639944242e-01
2.440690407383856453e-01
1.341246836625811789e-01
9.644143930948220755e-02
1.578198620442747002e-01
2.158706005390192140e-01
1.972634924422244085e-01
2.760671054761124621e-01
3.750192628589591459e-01
6.192942277876972712e-01
3.538328921906591651e-01
8.248327802823065547e-01
1.366067859154818098e+00
1.010389381938808562e+00
1.078608689879424265e+00
8.598128083594032134e-01
1.292761420012765727e+00
9.301938648031473633e-01
5.164630262556085816e-01
7.459140186881442203e-01
4.400724317334934188e-01
8.486736651975989032e-01
-1.019517148941090356e+00
-7.850328846473371147e-01
5.094402871218755013e-01
6.967245653434855912e-01
-7.776986247489544590e-01
3.589490655058280577e-01
2.873382549516433349e-01
1.297947730909535746e+00
-2.518920369746804777e+00
-5.111287999924967629e+00
-2.782702855641690842e+00
-8.567382307873864233e-01
-3.786684371353574718e-01
-1.234131905182424438e+00
-2.703985732717750778e+00
-2.611879800875246183e+00
-2.012048267492939413e+00
-1.964433092732777997e+00
-1.685605044803522023e+00
-3.806057247321359416e+00
-1.918916615836586903e+00
-2.563655552319784592e-01
1.365939482212663869e-01
1.817525450115337060e-02
1.390375818123952001e-01
5.207057114013273758e-01
4.059408565539105451e-01
5.298002765245969359e-01
5.955484863671710594e-01
7.094881019409695622e-01
7.213390026211080608e-01
2.722801609480348661e-01
6.965827562027137043e-01
7.792619422491293690e-01
7.777060573136241883e-01
6.443846523496551404e-01
9.969041241258833619e-01
5.881927246740190629e-01
6.133806748848417145e-01
4.134369625660667680e-01
7.587645495144608176e-01
9.279209160089220143e-01
2.053253954580646634e-01
6.943889359349865176e-01
4.650285379345535652e-01
5.037238981298591822e-01
2.331172693600160883e-01
4.579679796609101849e-01
2.596120392544415401e-01
3.074881146047460656e-01
5.252341107485116733e-01
4.205771934635826881e-01
3.211052153610328697e-01
3.343271495336627708e-01
2.386689905157109992e-01
1.515691107203144816e-01
2.046834795769001680e-01
-1.812892768437263380e-01
1.560640969887474028e-01
8.741856644798942644e-02
1.506674612073559405e-01
1.494623237735167864e-01
-2.175011268250072460e-01
-4.338793936288082298e-03
1.250965439002891255e-01
-3.104789427215325359e-01
-1.180469292312436025e-02
-5.076446432552476073e-01
-2.976171743253050117e+00
-3.058836114164888986e+00
-1.308631509169367879e+00
-9.054713471018357995e-02
2.077143836006697941e-01
1.905735485407908381e-02
2.396237326705720483e-01
2.678950314084468931e-01
2.695229574717586396e-01
3.802341331199865504e-01
2.127473540786596617e-01
5.007100544414864185e-01
7.333275045314175955e-01
2.438344177682923442e-01
-3.648109727889909948e+00
-4.282799056954278427e-01
1.049888795227922333e+00
5.852932577350553611e-01
7.403113358642383623e-01
5.500579116801849189e-01
2.359642222035683856e-01
5.736973052034838316e-02
-7.695599455402144518e-01
-2.780845671296150012e+00
-1.663306960746247176e+00
-8.856233794094973133e-01
-3.303565437650084480e-01
-8.241647408737726166e-02
-5.665052750314192309e-02
9.371534917054895331e-02
1.224086886246456979e-01
4.961420381722230211e-01
2.861690110594632408e-01
-1.893352735246605356e-01
-2.014469230464456029e+00
-1.551349720850865088e+00
-1.729446478720613634e+00
-9.207286674920512892e-01
-2.895528172268273526e-01
-2.462903810005295513e-01
1.155558819461641462e-01
3.036347496436280213e-01
6.057892507088232792e-01
4.029661905125004884e-01
2.670627279572356794e-01
-2.957325126468285381e-01
6.861797325063426212e-02
2.155074279738366516e-01
6.986210493465184745e-01
-2.734935834088000339e-01
2.888666670915926438e-02
1.983808053459918674e-01
3.295546784000854545e-01
8.275145747411988273e-01
5.778944960103641337e-01
3.390055208095900108e-01
6.552882020510915062e-01
7.766295182189344448e-01
7.380644801949045597e-01
6.582728977004993487e-01
2.627886668958803740e-02
3.922332234566432985e-01
-4.390676334189613783e-02
1.625864798278371659e-01
-4.513074408708325769e-02
6.746202994790158336e-02
-2.587725281893350493e-01
8.965081375754238580e-02
-2.320238111313868423e-01
-5.113278216673461385e-01
-7.641871379070028780e-01
-3.933810062660783036e-01
-7.124527606465339558e-01
-6.169459010718566505e-01
-7.568653731223213832e-01
-3.128565126747697711e-01
-6.672197736917696576e-01
-2.333576353041180995e-01
-3.337648576016280511e-02
2.031699637416787274e-01
-9.653183079243211617e-01
-1.867906474374988191e-01
-2.972604453409632974e-01
1.610752424130695859e-01
3.903015940714910093e-01
1.212395844096636893e-01
2.204603096584835942e-01
1.902738094879885822e-01
3.882243977256901735e-01
4.947142785013832755e-01
4.552455274940911956e-01
2.561427219245741571e-01
3.929658480911847884e-01
1.258320955907306915e-01
-8.987362802695905706e-02
-9.973178494216513590e-01
-3.053785383615635673e+00
-1.747974025014096933e+00
-3.740069258683171860e+00
1.455807091385999952e-01
-3.072385017854941669e+00
-1.037988503495769210e+00
-2.371506369011620319e-01
-3.406696763691350327e-01
2.602594849063816218e-02
1.170450995487161139e-01
1.690561918582443035e-01
2.764094997963171818e-01
2.266797173681650568e-01
2.323734610308438309e-01
2.360361396321648542e-01
3.775149405248013901e-01
1.964927135255991886e-01
3.319348248846809568e-01
4.295323469678986594e-01
1.512768745745004306e+00
2.502129868846378891e-01
-2.386632403425806181e+00
-7.213484190158755416e-01
2.060163469332026154e-01
-3.377888910413238133e+00
-8.188078952688065959e-01
1.945986993530257614e-01
8.323060371803296664e-02
1.559019229195382217e-01
8.876014344129824762e-02
1.542044935474558565e-01
2.093666852051826455e-01
6.015591585698851773e-01
2.849773505947822416e-01
3.089140186631389451e-01
2.240038322669981319e-01
1.775386778098323182e-01
6.356714404171504018e-01
6.071922676976869715e-01
2.982534293750819243e-01
5.292807493386441076e-01
5.408801206243792903e-01
3.502420328791094883e-01
4.509605765810550393e-01
2.208035131906711523e-01
2.897187516608841218e-01
-8.824700672588686734e-02
2.571944917708736678e-01
8.389089670738389959e-01
5.077067468296151409e-01
-3.027995044927832557e-01
3.887206928218316371e-01
-4.925899759772109920e-01
-9.808416487672086403e-02
1.053802379292637648e+00
1.164229300744986650e+00
3.510695242264674776e-02
2.670176439546690927e-01
4.908992056297611928e-01
3.118018520425882567e-01
5.532383813740496814e-01
4.626017460465422504e-01
2.852004447880268079e-01
1.891435139282501565e-01
3.779697666358016184e-01
1.162199380119602221e+00
1.012032357337423250e+00
7.030855015368766558e-01
4.890282997386696806e-01
6.345866472304007022e-01
9.221941409972662651e-01
4.722395459964262576e-01
6.625935542991864269e-01
8.503078636467495954e-01
4.621412308957261184e-01
6.437330321097299579e-02
2.845758517098363471e-01
4.236053822699581417e-01
4.652227306199647749e-01
5.422432918648937283e-01
2.942994194935222296e-01
4.564526937836400622e-01
6.811659802166214472e-01
4.843655698060863601e-01
4.689645769279817689e-01
4.780458403299137071e-01
3.702931511026375522e-01
4.979944760555751193e-01
4.829363353423589134e-01
5.574521240378444986e-01
-2.365778773909733845e-01
3.286311162801450747e-01
4.989581219622847286e-01
5.291997525451987983e-01
5.286165148452279805e-01
2.109375348655749272e-01
-4.542769727064210894e-01
1.175499517826655849e-01
1.722341389207729667e-01
4.281275666921302570e-01
1.769962227698888280e-01
1.896574727744659017e-01
1.769737277339231973e-01
5.572516364787877263e-02
-1.184766782839475896e+00
-1.497249404552774221e+00
-1.680190274131772299e-01
3.654221269677773720e-02
2.585702184135025838e-01
7.887323395279866034e-03
-5.587955085168698766e-01
-2.859632284337746411e-01
-1.073771125365182433e-01
-5.294560554040950162e-02
-1.865145897343444492e+00
-9.388583135405184632e-02
1.360382309116267285e-01
1.486155045381873374e-01
-4.785400265084606142e-01
-7.108383772222514052e-01
-1.001379461894189360e+00
-6.455873653068243678e-01
-2.778868683703111797e-01
-9.408304727390545130e-01
-1.711954124737084637e+00
-1.636172507084209249e+00
-9.386709760823573889e-01
-1.033489899191519346e+00
-5.455099652955558431e-02
4.765252641073795814e-02
4.679067683098202257e-02
-1.453280063110299059e-01
-3.161344644904820478e-02
-6.634639921845861821e-01
-1.254069011195712291e-01
3.198396452863673523e-02
-1.874088341291245408e-01
-1.560031488930751775e-01
1.205219271802310255e-03
1.066908344383671325e-01
3.980089921640482808e-01
2.058314906706581460e-01
-1.926685466196714491e-01
1.052912218373069919e-02
2.169526753980849931e-01
4.644603799118467435e-01
4.909573577205278427e-01
5.918121324153391427e-01
5.559799203278847912e-01
5.103705309349294561e-01
4.977015528410796419e-01
3.976514294864325061e-01
5.543175789553114186e-01
3.951044219840406102e-01
3.347491487156692980e-01
-8.129136094920194067e-01
-1.957457368837681511e+00
-6.086667910965161132e-01
-8.894094456916549207e-01
-1.456351838745649108e+00
-5.272113410466461314e-01
1.350067401561361458e-01
-2.865839454575118683e-01
-6.371964548125011452e-02
-3.377567735417510986e-02
-2.227391324437877351e-02
-1.073681536924794733e+00
-3.614288006637341732e-01
8.696286054770907548e-03
1.114907414545075887e-01
6.019373919894553671e-02
-2.060699770507157247e-02
-1.910605744262460493e-01
-1.752577411401430585e-01
-6.316975748939397395e-01
-8.592374242633314951e-01
-3.794726098640095469e-01
-2.560672169703420487e+00
-3.189209094200486039e+00
-2.208923343311967880e-01
2.113203136044251584e-01
1.711151416951854909e-01
8.475134220092259141e-02
-7.261183457379738471e-02
1.996112969112430469e-01
2.187246863646435946e-03
1.001781581579711811e-01
4.061577877000562831e-01
5.892779451149912084e-01
2.923260197353516054e-01
5.504213884441991889e-01
4.730543754962226455e-01
5.426646070150200618e-01
3.900181959189075176e-01
3.573721254677667547e-01
3.790423576457579435e-01
1.983890114455846287e-01
-7.136019599352297904e-01
-1.176312776148794870e-01
-1.155079757737730028e-01
-1.604163349875592504e-02
-2.075468812074845182e-01
-1.246374942665490648e+00
-4.160694900022360310e-01
5.148262328307398050e-01
5.106770613194483444e-02
7.623738041803433951e-01
1.137697095858923202e+00
-1.475594907034614989e-01
7.785425224252208176e-01
7.110526650345257993e-01
1.100826780857750098e+00
1.381814277843024463e+00
1.385948609748073546e+00
9.915466764213010098e-01
6.804991394840517183e-01
8.921880968766138231e-01
6.675575167488698725e-01
1.047084526071858507e-01
-1.419365872397320816e+00
-6.760312974358735350e-01
2.724917061040308397e-01
5.525838600620552876e-01
-1.436126594882612073e+00
-7.532728595042373354e-02
4.057787728389550264e-04
2.937379204498300478e-01
1.951754188708012261e-01
2.501339266815336693e-01
-5.220564295532381660e-01
-1.112185418084270294e+00
-4.250901113540844767e-03
2.701564769522210585e-02
5.174766986021442361e-02
-2.762020561039451039e-01
-1.098239780975990065e+00
-1.191550426741269986e+00
-3.441299559157108279e-01
-2.657641377796304827e-01
1.435441270437917693e-01
4.717154308334556845e-01
4.958370519789532249e-01
2.283902718878232097e-01
3.822057446579087969e-01
7.860810385235406095e-01
-3.249970593278098674e-01
1.377397425605577097e-01
2.068261408913427135e-01
1.745058636280307773e-01
5.030224005008110399e-02
-3.092570583617761493e+00
-2.727453495120573113e+00
-7.189950989335548437e-01
-8.013730528970696154e-01
1.068120897874202946e-02
2.978164435016755762e-02
-8.196640143687136670e-02
-1.568738427687822456e+00
-4.937626949378969288e-01
-7.416669900963418494e-02
-6.169891220887710470e-02
1.520673781430262050e-01
2.890736754663006947e-01
-2.806389261708187588e-01
-1.225365050128600641e+00
-4.633811776750090816e-01
3.532794480011860472e-01
4.482487130504296813e-01
1.155331828969907437e-01
3.513357213676045476e-01
3.286029177112377575e-02
6.583421366009782894e-01
2.269843793882211358e-01
2.186094859537261181e-01
2.203090244067029690e-02
-4.919768406154961804e-01
-9.932852593945092901e-01
-5.009893107973974580e+00
-7.269289710900476820e+00
-2.121587438977093232e+00
-3.154969973110725023e-01
-1.532800496885578789e-01
-2.075126328223281913e+00
-1.253967080514342802e+00
-4.285687744445828562e-01
-2.199055202560066036e+00
-3.090868883031690828e+00
-1.182473260201010623e+00
-2.266799501120079885e+00
-8.374663449560895145e-01
1.109730767981129823e-01
-4.674904529345459414e-01
1.987660118272030485e-01
1.833470863464546630e-01
-4.281230002131366508e-01
3.819999970681949852e-01
3.442887854841857331e-01
6.379471321447546250e-01
6.940872164523630428e-01
1.025182268461102053e+00
3.446878460383102638e-01
2.336583233690445183e-02
-9.528882751363852988e-01
2.414328123617123234e-01
2.228561885123606090e-02
1.828171211598454138e-01
6.250499050027918946e-02
-3.253389995062003770e-01
-4.741926154608178123e-01
-4.082489125584049638e+00
-1.150035909893362573e+00
-1.189099828896752253e+00
-1.356392065108108280e+00
-8.998947669138089855e-01
-1.266961822405992644e+00
-5.837976387057262073e+00
-5.327711909292240477e+00
-1.492871303808369410e+00
-6.820936437256055473e-01
-7.156631119084277959e-01
-1.757471878469981430e+00
-8.869958952789304130e-01
-1.817114056904191033e+00
-1.076779675949572468e+00
-1.682789322305548785e+00
-7.161516041374821340e-01
-1.097481413809670014e+00
-1.735165987579883273e+00
-2.610373117325602621e+00
-2.056725153875076373e+00
-4.924309696893048871e-01
1.334975314772673116e-01
3.769866711859014563e-01
3.321214496507550185e-01
4.073031944108612690e-01
2.489332046176627733e-01
4.522647956243228684e-01
2.105105772478297887e-01
3.555991186663198800e-01
-4.677263614195339980e-02
-1.228778798927300242e+00
-4.570997662129049566e+00
-3.379466783463608071e+00
-1.246407861880945322e+00
-8.682370357317149567e-01
-7.670118918901989158e-01
-6.255689080845934225e-01
-7.569850768618819892e-01
-5.465327030076030379e-01
-9.382654469620735904e-01
-1.564674061731927468e+00
-3.145629542453073579e+00
-2.844723961093931663e+00
-2.280126766674559491e+00
-9.209543835659314004e-01
-1.311804545244870945e-01
3.983119488330766345e-01
3.042343384885620727e-01
3.179412005760177129e-01
3.205222394022089194e-01
1.020371574313448104e-01
3.085469505556993619e-01
1.910024007285037739e-01
4.109821309481465068e-01
2.371013937994932430e-01
3.959600152934712458e-01
1.463816251156306314e-01
3.079960666179132334e-01
1.969610852747988305e-01
1.405920035823477188e-01
1.807924177603142113e-01
2.081906419390791851e-01
2.393716189571383490e-01
5.343882003542690939e-02
1.533061204238092279e-01
1.694922086306756004e-01
2.916353478801105847e-01
2.589423541701553200e-01
3.953319846900159584e-01
2.543300437163832917e-01
5.148808996289844231e-02
-1.256519392011468950e-01
-1.191553838031798873e-01
4.989811350123056488e-02
1.181875425908093802e-01
4.316202526182230104e-01
4.369337007355201807e-01
7.314591933967989901e-02
-2.369347540104272676e-01
-1.897265070269101184e+00
9.110027730731753981e-02
-2.434866026971618802e-02
5.124561435709418244e-01
1.566626104356725335e-01
1.041543628898073948e-01
5.058085332399114842e-01
-1.855709570070043501e-01
-2.591132464224782384e-01
1.029228520463470187e-01
1.265838039501972767e-01
1.413300871171404849e-01
1.968107692569557032e-01
2.474490971186857347e-01
3.003636769715704036e-01
2.221875153045939078e-01
2.607566210473809543e-01
2.770629407142274347e-01
2.944095112803202241e-01
1.455721878665236779e-01
2.080641712942271626e-01
2.291283584463494338e-01
2.436470054938646435e-01
2.090394868018083940e-01
5.813982048438107175e-02
1.741203871139484216e-01
2.179139214884510123e-01
1.868591749719394624e-01
2.315345796597279571e-01
1.880024826934451054e-01
2.377497092586858818e-01
1.291589566280668955e-01
1.597558765040324735e-01
2.120737263053651955e-01
1.554973480373984529e-01
-2.908462373614085772e-01
6.146157087426565302e-02
5.671737771346208046e-02
1.276907117856466989e-01
7.952846169033056523e-02
-2.301693534971102628e-02
1.836976058638044862e-01
1.048231851695007877e-01
4.595012449391568110e-02
-6.587780560274475450e-02
-5.263047162048206662e-02
-1.574634524933779534e-02
-1.924225730288458835e-01
1.244308169116050966e-01
2.869974110383446408e-01
2.905468762215861478e-01
-1.086109156223257488e-01
-1.872108706074119000e-01
-7.363892193414195431e-01
-9.074605741486743704e-02
-4.550203352937376433e-03
1.016422962100070881e-01
1.195072316170286419e-01
1.707188143388380375e-01
1.012146457830171015e-01
-1.448122812906873280e+00
-4.224293261889667805e-01
-2.341860931350723540e-01
2.087903246699003013e-01
1.523948083024496414e-01
1.903883841384117759e-01
1.612783664189985089e-01
1.494645144113521396e-01
1.489930559794740705e-01
1.498170056737109235e-01
1.473734448662224472e-01
1.703565572867015987e-01
6.366887853098524008e-02
-1.511683701528053481e-01
9.946321694091633803e-02
9.826107933718916665e-02
1.440767991166216622e-01
9.008009222210433542e-02
1.318810410575755876e-01
1.446147112581666616e-01
1.408323835368163190e-01
-4.275590719125389461e-01
-4.238637754481969777e-01
-8.304165655567506965e-01
2.730225536412186349e-01
1.935447704554339177e-01
1.363312717626352644e-01
2.052257031856686842e-01
2.065496938727648668e-01
2.308517905926671387e-01
2.005722619447635191e-01
-2.716679004458913416e-02
1.631054207402410361e-02
-1.319364439911049902e-02
-7.890176985900998474e-01
-3.230217445949074673e+00
-1.330207023622379969e+00
-2.762367571721529025e-01
-6.371433959926990909e-01
-1.709655499597166672e+00
-1.799197082801724301e+00
-2.107716002001122746e+00
-8.814532218217260295e-01
-1.112755700432306094e+00
-8.812024059758948313e-01
-3.512397074959499044e-01
1.970694338594163597e-01
1.808957899507334099e-01
2.325543260519195021e-01
2.259881079249186353e-01
1.495549812376703869e-01
-3.787368264377103388e-01
-1.546051314321456871e-01
1.622096208252657989e-01
1.482300114167875438e-02
-4.146208581623942457e-01
-2.135603640400413283e+00
-6.352610491715056096e-01
1.457806959218297393e-01
1.505153417414691608e-01
2.892384996559999588e-01
2.040064772310739016e-01
2.297076818924143615e-01
2.888563996735019623e-01
3.089996807920691313e-01
4.029721533267537348e-01
4.587817607078908955e-01
2.858397449419423086e-01
3.185181803634951070e-01
3.248229993198313292e-01
4.923005828872560885e-01
2.319223937747906805e-01
2.385548972513653609e-01
2.524695926947992941e-01
2.996970984255578063e-01
3.011222998230789205e-01
2.740374905214094103e-01
2.415867140586109296e-01
3.259967411794326697e-01
3.603884195983309002e-01
3.551166967777690808e-01
4.143959645481376519e-01
2.471786274653461624e-01
2.299794017366371401e-01
2.523718638158714556e-01
1.559704569016079345e-01
2.762609415352392239e-01
3.671449559554949560e-01
4.380821083936659033e-01
2.292628616258408636e-01
-1.918865588147009027e-02
-1.162853602457869506e-02
-7.974466798963956160e-01
-1.573210793629712834e+00
-2.564969583251682117e+00
-5.234809599432547200e-01
-7.330190006129243541e-01
-1.239656617236690961e+00
-2.220179891518754278e+00
-2.543015397446493076e-01
8.540371586176699614e-02
1.490431724459537755e-01
2.194457677822075348e-01
2.580201682797491070e-01
2.841004314353744453e-01
2.305749497333008380e-01
-6.208590425846505223e-02
2.072275332713813256e-02
1.292596366274460784e-01
1.336010029192357118e-01
-4.359368937975280356e-02
4.233327324102698075e-04
-4.526722495290571580e-01
-4.595653512743033686e-02
1.148683690109404409e-01
-3.164991219350878904e-01
-9.104654553811356577e-01
-9.485461525176963615e-02
2.807915660430280735e-01
2.069680512439764364e-01
2.647349283909025686e-01
4.208949693695687166e-01
4.384101807017737329e-01
-5.721169657260335994e-02
-5.098794567384871135e-01
1.111161932327000279e-01
2.808504011364866271e-01
-7.901459279600747676e-02
1.200507300814170203e-01
1.541602820957219122e-01
1.922652405891839555e-01
2.035208078446081592e-01
1.970565094674006090e-01
2.114606446672266937e-01
2.006713990675227099e-01
1.897848998225604711e-01
1.860578219166669212e-01
2.198861445407643278e-01
2.751191973841712324e-01
1.714160403946726197e-01
1.208546250048622844e-01
8.567485717852596494e-02
1.649122542860970708e-01
2.080436673507093104e-01
-2.731168711450673303e-01
-1.449857492837262729e+00
-2.420478644564421078e+00
-6.859808045218763750e-01
-9.067690256376502722e-01
-2.407566607391803393e-03
2.373768119020067680e-01
3.081651385705507229e-01
2.105361082013397500e-01
2.229818691466543823e-01
1.692647159940853241e-01
1.389413319574485106e-01
1.718704633344312338e-01
1.723054596439869690e-01
1.259486535129228368e-02
1.158256752025808856e-01
5.626291967737073740e-02
-7.396627279393085397e-01
-2.204342392984021792e+00
-5.669043311046445544e-01
-1.116319064758855839e-01
-5.764351797667541244e-02
1.994866901399716674e-02
-4.212290568218441944e-01
-5.682103933430249221e-01
-3.715180020022813556e-01
-7.181285830100775369e-03
5.619695652495705629e-02
1.798246825466329468e-01
9.468936279554432400e-02
-2.455860213036654971e-01
-7.171678359180935769e-02
1.034409008365685390e-01
2.028990499307854189e-01
6.910218736892698166e-01
-4.142327471405902184e-01
-2.016644729216376108e-01
2.627735022150138877e-01
2.180125853177181938e-01
4.624125620463781505e-01
-1.539401546344460747e-01
-5.393440655871124534e-01
-5.509407790991023290e-01
-5.766642721419595885e-01
-5.028049567958247090e-01
-3.199745462526847328e-01
-4.034725711327117326e-01
-4.426959948771334030e-01
1.351791982044323048e-01
-1.537315965367838655e-02
2.989152127775462353e-01
6.542567727166564984e-01
5.031176833714940955e-01
1.023189318040988560e+00
4.390283808055592818e-01
5.024154629849209019e-01
4.690701777619901147e-01
1.867364504238040457e-01
1.540044398169161943e-01
2.732463601352130844e-01
5.833379951070079283e-02
1.895914250593087602e-01
1.425556180481640234e-01
1.599868647131738597e-01
3.220444134753668863e-01
4.946085576645579129e-01
-3.751843238892133003e-01
-8.690045812050303242e-01
4.379657278008565191e-01
-3.367482209668468673e-01
-2.653902323174736066e-01
-6.035201159208608557e-02
-3.594625380608690302e-01
-4.444018038336789989e-01
9.673752512434607986e-02
1.475189849404856812e-01
-2.384803703575990863e-01
-7.127370955664812380e-01
-1.011559241428736211e+00
-5.121047018668130058e-01
-1.721547960850408510e+00
-3.316654570787837653e+00
-1.007761073727047485e+00
6.848381716671343711e-02
2.718618170519376820e-01
6.831699806059315927e-02
4.073372160701608236e-01
4.110098494783862577e-01
6.645653223124263764e-01
5.905109403711611415e-01
-6.227761326920130958e-02
-8.397889897274749549e-01
1.148146659479687415e-01
4.117260583925248518e-01
3.325454079512002448e-01
3.322399690468486044e-01
-5.482390648183761428e-01
-1.019656826820533602e-02
-1.140811623602542568e-01
1.412434220491440851e-01
6.040553237103224449e-01
-3.808090453859261371e-02
5.861027076486016174e-01
2.679245192797198305e-01
5.042477126546568433e-01
-4.111375854139917019e-01
-1.414182312379810957e+00
-1.177799539589127198e+00
-1.878317565377004783e+00
1.269588715213168240e-01
2.048944913724039529e-01
6.289433565995122821e-01
2.246559530124366821e-01
5.848456525589764698e-01
8.750470577073151679e-01
9.102316285515663630e-01
8.591821878291805437e-01
1.169855474457264677e+00
1.426779643457139146e+00
-1.094054609530391853e-01
8.722359179391049322e-01
8.054019197411803610e-01
1.458032512024409977e+00
5.927766250749310073e-01
2.724633804379454349e-01
3.566396341221595434e-01
8.666909657228372144e-02
-1.862656135650929412e-01
-3.284887549314688959e-01
-1.503060654630834270e+00
-4.138149730804655313e+00
-1.224306329667977478e+00
9.016763600296451298e-02
9.977067019614921373e-02
1.591912119383985802e-01
3.329296377999563794e-01
5.627855044402857443e-01
-6.458710083010859027e-01
-2.792744995626226245e+00
-7.160473650324324923e-01
-7.137065994251626799e-01
-1.428845033478672644e+00
-2.218608711057444005e-01
1.442930002377799115e-01
3.462148890050135708e-01
6.761266826134237906e-01
6.185180296822186952e-01
2.054121097222466052e-01
4.090368333617961927e-01
4.759520192359775193e-01
3.654964030132096253e-01
3.346512772093964694e-01
3.977396220230502988e-01
5.280207142579749213e-01
3.436938457135793046e-01
8.407843312247069434e-02
2.039395872065749293e-01
-2.746898642920823086e-01
2.799708848274733430e-01
3.282824644465691666e-01
4.104373880093510341e-01
1.066442361791569704e-02
4.429885338930663607e-01
7.844484158060101020e-01
3.696112256691284070e-01
2.137408215379385523e-01
-7.004022220409155119e-01
8.898281636267675321e-01
1.400372906624387737e+00
3.390959119136812694e-01
-1.519348805030365235e-01
4.064929199531832626e-01
7.613309921420590154e-01
5.244009481852124344e-01
3.410336091267354153e-01
-1.247475493718155914e-02
1.094863679503093601e-01
1.974544347877643380e-01
2.455958362788946414e-01
-7.566258608468481306e-01
1.090482133629912948e-01
9.588536354425922226e-02
2.417458159580584132e-01
8.155185809166530519e-02
1.466308439478092307e-02
-1.022775556451429591e+00
3.990770466952678341e-02
5.880050754036578731e-01
8.769417117121266481e-01
8.692496977022058369e-01
9.801563962503728744e-01
1.352279490789951577e+00
7.164565778747234992e-01
4.744424999172700552e-01
-1.522958348985900545e-02
6.841752344349913972e-01
1.300871401073495082e-01
1.907113063112239493e+00
1.813196101521859616e+00
-2.120588181928091120e-01
4.784888057354611535e-01
5.769407485458493134e-01
4.978907054817490740e-01
6.616173569718799552e-01
2.688018739463688966e-01
1.481875003634804511e+00
1.873253755654696207e+00
7.630473499450687314e-01
-1.077268830161651481e-01
-3.014517710044918308e-01
-5.174584273391465983e-01
-9.618506049695818572e-02
-2.117544192514018431e-01
1.425123374499484008e-01
1.654190313344708063e-01
2.030035800598734841e-01
2.409324829666320833e-01
2.132783437983223618e-01
1.022014833499505504e-01
2.527479273675063420e-01
2.008413692855629262e-01
1.105553768510212365e-01
3.155890203269466898e-01
2.068893121017326975e-01
3.760158926375717359e-01
2.928079588642387154e-01
5.210438750827789400e-01
-5.959160365659391112e-02
-1.661807702456475078e-01
2.141278547820694156e-01
1.650719531913605043e-01
2.069561630042248968e-01
-1.342897756334265058e-01
-2.720258286636411116e-01
8.966348281631415784e-02
2.805901947676034403e-01
1.594785013319368339e-01
8.345787073180263027e-01
2.156069335403799414e+00
3.437906480036958534e-01
1.161270309551814206e+00
1.144594756759423682e+00
2.196037876751288476e+00
1.590961893364873925e+00
1.179249663760828515e+00
-6.260346655054794818e-01
2.128823130871828895e-01
-2.673120228247024555e-01
2.948321668017131469e-02
1.717222763285731479e-01
4.969002873308614454e-01
7.180670082050999437e-02
-1.967967749868879956e-01
-6.232974751919436729e-01
-4.093259979376706603e-01
3.107788401239049980e-01
9.016545190717817349e-03
1.981082610721901227e-01
2.872024006472243540e-01
-2.341102734174168865e-01
-2.392639107269164123e-01
4.912817141917817654e-02
4.679415747049091301e-02
9.118727523653247236e-02
4.048445536859377469e-01
3.252114575423342147e-01
9.092959119211861951e-01
1.288867950424471553e+00
2.528534314441495567e+00
1.459443757425544996e+00
4.235525336208219027e-01
2.269848827846764616e-01
-6.798316381550970067e-02
8.310974106203207479e-02
1.928015355443875589e-01
4.182598892892088749e-01
5.712815613490027644e-01
9.635581137186016720e-01
1.592197461685046500e+00
1.537036037813068523e+00
1.499823624079176243e+00
5.877880534880721708e-01
1.039060032615982898e+00
9.184267198019101519e-01
7.959632539463278311e-01
7.797636220567168985e-01
7.350535263048900703e-01
2.437979796681540579e-01
6.980554421622706118e-02
6.250245010051878047e-01
1.388470224752960946e-01
1.101515637071830006e-01
3.425691128331625479e-01
1.470358729268872733e-01
2.040457119657548835e-02
-9.007071892534979085e-02
1.644144740961029361e-01
-3.083549866621945190e-01
1.922572376534769645e-01
1.724769162489387664e-01
3.137436742181283211e-01
2.513318610325796509e-01
1.573856766927797524e-01
2.909057969454112991e-01
2.733233581127579304e-01
2.176178133765890865e-01
-2.058989691705256642e-01
-4.575291174351701073e-01
5.499159312770383889e-02
-2.490596201712600710e-01
6.200058061992870517e-02
1.028939124606416400e-01
1.870002173660339495e-01
-1.392694983641654949e-01
-1.952816672112913376e-01
1.777725270386709688e-02
2.159724086445491409e-01
2.275435803846294347e-01
2.146842606184336533e-01
-2.184364325441356114e-01
-1.695097602401638703e-01
-1.908892911312614904e-01
-1.745972371231008236e-02
-3.499532190736964754e-01
-5.346489202786490758e-01
3.488414220068209448e-01
5.202875739966886792e-01
4.673714501037153912e-01
4.391141474062845163e-01
6.004352433650907983e-01
9.958205524684371479e-02
4.463602062834284290e-01
5.381250805361860179e-01
6.133273768335646414e-01
6.228016800832006927e-01
7.723001323786996553e-01
5.836940504922891737e-01
5.634783754715736448e-01
5.535973650065554308e-01
1.255416769145678568e-01
1.118377017056400580e-01
1.566418611729376575e-01
8.266571729636007504e-02
1.234749588528544079e-01
1.908501571357353044e-01
-5.593134603352780676e-01
-1.684190066862511381e+00
-1.828865992105840776e+00
-1.664742375526845564e+00
-1.213414868824283399e+00
-2.054012883215071916e+00
-1.393015501863994920e+00
-1.659005354263309029e-01
2.842122150292456517e-01
2.388799848588406549e-01
4.029809906194298241e-01
2.660723138608978022e-01
4.154274074934662941e-01
5.953807156803299083e-01
7.056129784768184754e-01
8.417908461507056517e-01
1.030025586489077827e-01
3.553664185523872643e-01
-3.341082173583767578e-02
2.823124381365550439e-01
5.182462238515016251e-02
-1.630170264016700399e-02
2.681123574828561673e-01
1.539988829217061039e-01
2.691799935589890835e-01
-1.172631935581656959e-01
8.566357021847353925e-03
1.087253159487565068e-01
3.246256134676384075e-01
3.026848671950490011e-01
3.308216393436271829e-01
4.460625398288049492e-01
3.376487677162759438e-01
3.662723556948113690e-01
3.820133975743116306e-01
3.607388693584904216e-01
1.606035109663857263e-01
-4.430742908347981013e-01
4.165456973443865119e-03
-6.124072655881113159e-01
3.914142386089637660e-02
-1.137358221667469083e-01
-4.458769000632867296e-01
-8.186197583233706387e-01
-1.091467575548399349e-02
-7.839364326203247524e-01
-8.121863384618021042e-01
-3.252980549951777212e-01
-2.349938290008324770e+00
-3.590935257734548802e+00
-3.768256416419534016e+00
-4.249972282126532441e+00
-3.570334447579018633e+00
-3.865451605704549376e+00
-6.036791635092041197e+00
-8.014589219433165823e+00
-8.713156246766221358e+00
-1.380546835764274327e+01
-4.484770460906443823e+00
-1.667518711479278437e+00
-1.838393846508984131e-01
-1.641946177767448001e+00
-9.742007279788854612e-01
-2.691766929377729767e+00
-4.082341921637055115e+00
-2.607667343017217032e+00
-4.913511210241264138e+00
-3.584722753470229950e+00
-1.275114982855819035e+00
-1.181171366741779749e-01
-3.001291441974610064e-02
-2.753230447504098066e-01
-2.525364577915650832e-01
-1.995228016591044096e+00
-2.356331693508057601e+00
-1.834721315740918124e+00
-1.976331317767119788e+00
-1.036070749748561504e+00
-5.943383796222385662e-01
2.876677209627601650e-01
-2.556096002212573381e-01
-6.409824000143579670e-02
3.428702215226194783e-01
5.976844671396092101e-01
5.399467727828956010e-01
3.193506531532096515e-01
3.378521522525013143e-01
-1.069696455738081142e-02
-1.555572708783659330e-01
5.444457186826655304e-02
-2.398262330536256870e-01
-2.509410588776651352e+00
-4.790698083026329712e+00
-2.945196853784669777e+00
-2.494338911731804609e-01
-2.550014101396351762e-01
-3.578509121228248824e-02
3.035570546213730014e-01
3.230633822204642680e-01
1.687802026467940530e-01
-2.127666117249712996e-02
1.113380803257576351e-01
-2.079034452450410908e-01
-2.150310059568830034e+00
-1.725927985976638546e-02
4.528323935534820377e-01
-7.968660315402171790e-01
-1.439360372844865843e+00
-1.557470689802653130e+00
-2.415994103246135616e+00
-4.656298188969411278e+00
-3.494915218430825643e+00
-3.126554947123081352e+00
-1.899794005195440061e+00
-1.392199792310318873e+00
-9.655958894374944146e-01
-2.028898180196900547e-01
2.012748083880070982e-01
-5.333582252741290164e-01
-4.826675293378557274e-01
-1.581727517107115011e+00
-8.272930483447814565e-01
-1.621728830351202300e+00
-6.750359164485328356e-02
-2.640176065744964662e-01
-7.181720346585208636e-01
-4.815599552785126969e-03
-1.448073620011925966e+00
2.049548565136199985e-01
7.897267414882401804e-01
1.521451407557967150e-01
-8.485724787996115070e-01
-3.542323011261105936e-01
1.178071597365341339e-01
-4.101561799838008282e-01
-2.635627983455977930e+00
-1.421660498136344541e+00
-5.348788754621259800e-01
-6.207294867731767418e-01
-1.003818206681009961e+00
-1.810476256444816523e-01
-6.400235050799995662e+00
-6.663157245052635069e+00
-8.011676016610024931e+00
-2.223494769099925605e+00
-4.986172480113644223e-01
4.581871719452068614e-02
3.400579753684088713e-01
1.340469871936514346e-02
-2.216979765365345578e+00
-5.845216327524607181e+00
-3.376475886567682494e+01
-3.208601264848903867e+01
-3.284225295045077075e+01
-2.474071732881141017e+01
-1.978353141676324611e+01
-1.376912422451498941e+01
-1.042381369700553684e+01
-1.169430281895366086e+01
-9.299509473875433585e+00
-8.131769556329938808e+00
-7.330456603573301422e+00
-2.601403175016008706e+00
-6.526356342261349086e-01
-5.191920068093509588e-01
-1.104965321744522555e+00
-2.632658101236583503e-01
-3.770137734988585176e+00
-3.137207308137562656e+00
-2.505300004620615528e+00
-4.115048398295646059e+00
-5.461921896762707007e+00
-8.731541350517986189e+00
-2.198777474569075707e+01
-2.340272392074334462e+01
-1.781672740054128212e+01
-1.246743837718854486e+01
-1.132187228403929424e+01
-9.344795839686092620e+00
-7.573632558655311264e+00
-5.320679553342172241e+00
-6.008227730029216396e+00
-4.303731938799477241e+00
-1.730408193919876103e+00
1.655875346668959969e+00
-4.347668183135376729e+00
-4.550564030883937683e+00
-8.254861540530894715e+00
-8.292505000312187846e+00
-3.180364850350410943e+00
-2.959933628781136417e+00
-4.419751783014456592e+00
-3.883007697568330752e+00
-5.349238122693817488e+00
-7.183620957728726886e+00
-9.805987575984413951e+00
-8.528283740864171847e+00
-5.023547196092319922e+00
-5.978608053764713937e+00
-9.278331451990705858e+00
-8.964252316451103653e+00
-5.804783278041001360e+00
-4.784262278685241121e+00
-3.512057729767977587e+00
-3.468533303150569402e+00
-6.551978645327023010e+00
-1.466161687354457843e+00
-1.607448613827536787e+00
-4.138018880199034744e-01
3.945970825846423224e-01
2.558670896486596735e-01
9.585632779178707708e-01
1.290127106224486120e+00
5.659857226881319647e-01
1.016449964395446104e+00
5.189615885720249011e-01
8.857785415187755529e-01
7.268645486683711354e-01
-5.859386998403146585e-01
-1.909311299375086868e-01
2.466672625164406107e-01
1.903331347954417829e-01
2.962076850668560191e-01
1.058666614025032482e+00
6.758272478255580862e-02
7.036023475070843913e-01
2.295313338293860084e-01
4.364876358755405139e-01
5.439018964649326993e-01
5.405325087319690081e-01
3.344524641850845081e-01
4.440791226386190393e-01
4.242811814780953483e-01
-5.436451213162943885e-01
3.035860531689770214e-01
6.136075976676119703e-01
3.880465038940758005e-01
5.337456202185290044e-01
4.005796064901040454e-01
5.124251859754755944e-01
1.943717009308271737e-01
-2.703380571227849138e-01
-9.557050172169834212e-02
-1.375361737775378790e-01
1.365394029516865670e-01
1.387740053355075442e-01
7.425818432403012703e-02
-1.606462582358876567e-01
2.434622867138597768e-01
4.205099569385394309e-01
3.414763584468402668e-01
-9.710702505092162484e-01
-3.019873720333134504e+00
-1.196728182662723627e+00
-9.293145121717091284e-01
-6.231045315361127823e-02
3.319806681134194193e-01
1.319235347514589873e-01
2.330765880647415467e-01
4.975636921575592453e-01
2.584756147849019969e-01
-3.771706007402702010e-01
6.173738934369814302e-02
2.821018419038417990e-01
-1.204685121233249612e-01
-2.685798682929889658e-01
1.720670442923951660e-01
8.279151610342135037e-02
-7.518363459504363577e-01
-2.256412228340199111e-01
1.216149434700241200e-01
1.242682163502476511e+00
-1.061089136641514552e-01
2.706274035009043066e-01
2.998690877445280289e-01
6.204607929461303240e-02
1.913359758180196435e-01
2.343945590860103123e-01
2.206665887386934921e-01
4.366651905188817517e-01
4.499320152121878413e-01
4.396949314159667166e-01
3.061875174083275031e-01
-1.201552468649635941e-02
2.007673585522284088e-01
2.066795113560001285e-01
1.283269490911215893e+00
-1.762765965813157143e+00
1.688977123052060325e-01
6.922121668640139891e-01
7.544269153594374000e-01
5.588109973322371582e-01
-2.833779295985904279e-01
3.597397179615953178e-01
3.053578436211858427e-01
4.406742201596330899e-01
-4.776220795181096435e-02
-6.598076002683984642e-01
9.549541722767755925e-01
9.390935799103122816e-02
-7.008659117932117821e-01
-4.739328452553422721e+00
-6.313525229184545395e+00
-4.857336011491134586e-01
1.286403673720464935e+00
4.253562689677565789e-01
-1.062115508030060607e+00
-6.257829915470644266e+00
-4.911574168628831671e+01
-3.692059435773427367e+01
-2.364023493276876664e+01
-2.168593688093287142e+01
-1.441042608415909854e+01
-1.564400016025348172e+01
-1.177055503213882837e+01
-7.489218036351731556e+00
-6.728137608608030895e+00
-4.339276491383447620e+00
-2.395856625749289481e+00
-3.838883635488205659e+00
-8.608601611642102691e-01
-1.402659347392141598e+00
-2.277307300672945789e-01
6.521636382613966720e-01
1.389064498470368614e+00
4.675707073402187719e-01
1.058004319240247737e+00
1.101145668299322367e+00
1.534892597449051044e+00
1.272970721976078856e-01
5.684481387714432898e-01
7.786596611175499172e-01
-2.519645652467387364e+00
-4.633405009482228998e+00
-8.079093011010577641e+00
-2.042507502813369769e+01
-9.728245691583719434e+00
-4.051367247416546746e+00
-1.114930258986521983e+00
-5.213920925530179939e-01
-1.504994594425567433e-01
7.550330905722223429e-01
5.232860686067837275e-01
7.450788527975377162e-01
3.712919468212733665e-01
1.164879539612854176e+00
1.260458216739377857e+00
8.533048533087024545e-02
-8.263212443087463166e-01
-3.050111392017869072e+00
-6.093195158206589745e+00
-8.792771273629638173e+00
-7.826217509140379391e+00
-3.880899676718837288e+00
-3.297955214430134507e+00
-4.723442094219263865e+00
-4.306543579932978538e+00
-2.096217501082473955e+00
-5.287166233564943862e-01
5.897398123119795832e-01
1.221939218061379728e+00
9.399059021361660937e-02
-3.672772370464578717e-01
8.385235926255937833e-02
-2.537791865130578639e-01
-4.845185338943718278e-01
-2.823167541906440592e-01
2.160564281768453943e-01
-1.095869290143834662e-01
1.029336694587847240e-01
-2.976250869098489016e-01
-1.372310334178362679e+00
9.262452313843546614e-01
5.819242627945846458e-01
1.029618530221982908e+00
1.213054639577325622e+00
1.408897083241710035e+00
1.481453048804744155e+00
1.308717447852594473e+00
1.337716797040187089e+00
1.713218150292757924e+00
1.584811291750172213e+00
1.649542536480192556e+00
1.705002455755659563e+00
1.871388183940160932e+00
1.529351254583029451e+00
1.531690195245026587e+00
1.715498143537111275e+00
2.206855473859612893e+00
1.961993513881162388e+00
1.800913857705371601e+00
2.218996865081657166e+00
2.166950282383401483e+00
1.835647558494378773e+00
2.197850446866267404e+00
2.196219986847657513e+00
1.880497941651763538e+00
1.756508488591277617e+00
1.601697930116142254e+00
1.636100200529539972e+00
1.806324311723364051e+00
2.235253573074714950e+00
1.821879871870493606e+00
1.583683756659445940e+00
2.746583700212686274e+00
1.633624690302045268e+00
7.763798808207332813e-01
-3.842173999555994701e+00
-2.080863491200509330e+01
-1.490981226638926493e+01
-1.901594023401815292e+01
-1.269402860563009661e+00
1.790846987965667436e+00
6.523674020416946329e-01
-9.085126366616239069e-02
5.884484405366807724e-01
3.723468678554957001e-01
3.033232975737872872e-01
7.423397005072928101e-01
-9.101132697029320484e-01
5.342673339433576252e-02
-3.222219776269422686e-01
3.369320816420915965e-01
6.341321666792600897e-01
-6.632711676535548717e-01
-6.123452816175537494e-01
2.573208153993650771e-01
7.479650711330757540e-01
8.532472045768174640e-01
-6.868241960394250167e-02
3.929600370253543140e-01
4.773285210961293323e-01
9.177973830810910449e-01
9.273780241677195280e-01
1.023174974156456640e+00
1.168137209054286751e+00
7.373141768154997111e-01
1.104431509562674663e+00
1.362153055860916506e+00
1.236320228857619385e+00
8.822247334517062667e-01
7.056492032175101237e-01
6.678652483675048268e-01
7.696606945619330897e-01
5.512558261068711829e-01
6.504864579136691027e-01
9.698827243035070822e-01
1.130061776517799377e+00
9.105210730076587211e-01
9.536518007547556408e-01
1.086388030414322081e+00
1.000966427841420758e+00
1.311245787975745092e+00
2.066255437656244975e+00
-1.365103511454920371e+00
-1.693319250287860900e+00
-1.437269253258893986e+00
1.392123236922268581e-01
-8.048598621877687265e-01
5.675932722237890804e-01
5.384412977069757966e-01
2.989759662946305796e-01
7.459102658457831270e-01
4.251204004081178267e-01
7.110542972311556520e-01
1.037759951066532293e+00
1.071936327029100910e+00
2.053294420971566669e+00
7.260358405993200259e-01
1.165335932697460830e+00
-9.929100400116083192e-01
-1.414247098725850638e+00
-9.061780562851415866e+00
-6.514917208727805331e+00
-2.450327049160923920e+00
-8.022945240433259073e+00
-1.007213018566774743e+01
-5.654655151681681424e+00
-2.830454432935090026e+00
-5.926059205512069994e+00
-7.193395883143814729e+00
-5.687828926895438286e+00
-5.446367064502573463e+00
-1.722282040741266673e+00
-4.600680386086382079e-01
1.165838363514829223e-01
-7.248986246674004041e-01
-7.756435867820691277e-01
-8.769634088742138678e-01
1.696460620801738262e-01
5.860959451971801126e-01
5.465268676159222849e-01
7.887512878795913673e-01
8.997790326116373860e-01
1.152245278296220476e+00
8.393890153982215274e-01
1.025835055070441149e+00
-1.886613703590994673e-02
2.842328021497700918e-01
-1.059695761092065147e-01
4.418011860036235028e-01
4.064732831977486693e-01
6.018402290779181207e-01
4.676707060521114734e-01
6.820204166053215333e-01
4.404728126065772242e-01
1.770552269443975146e-01
1.256131174929332239e+00
5.425059110042074195e-01
5.607001318956391644e-01
3.314589237734683613e-01
4.517946994364597790e-01
3.701796929522402357e-01
3.399922090617907289e-01
1.041330617976586659e+00
-2.380313661541515913e+00
-1.056257600544900921e+00
-1.498790072404267315e+00
-2.722102433661664822e+00
-1.209174469789564332e+00
-4.350152252050092372e-01
-7.843384304457724499e-01
-3.115959173424275530e+00
-1.043384005820203519e+00
-1.370097734544737156e+00
-3.076837270444704231e+00
-1.296178506556428633e+00
-9.078687242609239094e-01
-4.148345529555546030e-01
-7.252457321767179499e-01
-1.676347537866004433e+00
-7.478547853098457265e-01
2.644097186227378771e-06
-8.748797890369134356e-01
-2.231572085883583689e+00
-3.735004544876758370e+00
-4.089958990075844625e+00
-1.966231709439603126e+00
-2.889802924394613282e+00
-3.959640839959348124e+00
-1.234420074397166944e+00
-2.674832714533353251e+00
-2.119658307878134362e+00
7.534244557923841512e-01
1.211409033169264848e+00
7.568248295487176591e-01
1.083564422788832360e+00
8.621314821177475940e-01
8.044649367531131468e-01
-8.720882444287145208e-02
-1.356293136393035947e+00
-5.319493179979344344e-01
6.918395676839304009e-01
7.984880039313430045e-01
6.208032516886216046e-01
-1.699228816693909572e+00
-1.405058700452074538e-01
9.047854114186922869e-01
6.895148886704400848e-01
7.155068101129807845e-01
7.083226543844157730e-01
7.420159628420834874e-01
8.359581775152483685e-01
7.809072680726364402e-01
1.220227195556717881e+00
1.086182323880326761e+00
8.796450095874538411e-01
9.279857911442823681e-01
8.173888159741786730e-01
-4.550954004105718376e-01
3.613161643161414971e-01
9.726306105002978653e-01
1.200140904002836573e+00
8.233918548225883649e-01
1.108037044983501973e-01
-8.123877742230957821e+00
-8.423770819270586685e+00
-6.344855197165313321e+00
-1.700454363080723397e+00
-2.332953365109385668e+00
-5.358477363873335175e-01
-1.858333618284294941e-01
-1.560166231975584905e+00
-1.536105762205004055e+00
-1.041698743429021468e+00
-1.510227596008653528e+00
2.425341107122708506e-01
8.088759423764052547e-01
2.625084012403716693e-01
3.115882934570207707e-01
4.642562889085317668e-01
7.462109682634731067e-01
5.747391420659669903e-01
3.151351295128304031e-01
-2.019613749790831303e+00
-1.050845165809245474e+00
-1.608339630743268023e+00
-5.554469568830101345e+00
-5.788610396291497651e+00
-1.507765680481925497e+00
-3.048213263634082182e+00
-7.773985030829888565e-01
2.284429412417498528e-01
7.248510194451791566e-01
7.273782679747495816e-01
3.658166386972282469e-01
7.663072462720101896e-01
-4.950970108913506085e-01
2.846527078269107114e-01
3.979229610949889251e-01
-5.184271583962563046e-03
-3.016652996554491928e+00
-3.942495255846945046e-01
2.952051957381429670e-01
-1.058294022760810860e+00
-3.533336889877514597e+00
-4.298544544784438370e-02
-1.422780762407364064e+00
1.091756130836686878e-01
4.789886909536907877e-01
6.077344709685187363e-01
6.086771279076870211e-01
1.048677576445436799e+00
-2.436230754349391958e+00
-2.447136123899297522e-01
8.291039776153651397e-01
3.616633566566949121e-01
-3.028183752066167855e+00
-1.932263462625417871e-01
8.433552495038423857e-02
-5.238799822660230587e-01
6.811841505018645382e-01
1.102086483846215659e+00
-2.217699665787344454e+00
-4.844147553670692830e+00
-1.044963990029891576e+01
-8.880372106729064186e+00
-2.913928825031859127e+00
-9.993793380088780154e+00
-1.139189898370852561e+01
-7.239226894143461877e+00
-4.013062910789053639e+00
-3.548116000006485304e+00
-3.067662256901038109e+00
-1.346702629114862049e+00
-2.342331794135843026e+00
-6.404603806637574337e-01
-5.441007453535121607e-01
3.351281244338280008e-01
2.765155184676501565e-02
-2.575933884121570649e-01
-7.917513821183119749e-01
-6.247764114244624967e-01
-6.872139511255719313e-01
-2.579152840203357222e+00
-5.799587634979601614e-01
-9.031394030131411066e-01
-1.298371053132465258e+00
-4.933603590041257814e-01
-1.074743814226808647e+00
-9.462746074315483424e-01
-3.903863653049507443e-01
4.633679829884608248e-01
7.783764807650014328e-01
6.535561698925060892e-01
6.045576454703058822e-01
2.104717199385231385e+00
2.707003996140778246e-01
-4.073172762279346770e-01
-2.661580027727046271e-01
-3.821192481381282535e-01
-4.191114449576566203e-01
8.119280749086733862e-02
2.873413304587802974e-01
1.186058883325932511e-01
-2.042891356174061090e-01
-1.003948433999923395e+00
-1.574314858200451361e+01
-2.260281349552539254e+01
-1.604116060636504670e+01
-1.152069881424098341e+01
-5.438382164742839642e+00
