2.665877958233940914e-01
2.577494288691316582e-01
-9.110796753682703919e-02
1.106851268441644276e-02
2.591309515097062199e-01
1.425588820912755406e-01
-2.204316596873122647e-01
-9.136485835652152776e-02
-1.418057720306199476e-01
7.146366215876354122e-02
-6.762484712945995291e-01
-6.580209082173641422e-01
-3.019081778683054829e-01
5.533366840285958155e-02
-1.584121252154205850e-01
1.164123499385369964e-01
3.440601342213185365e-01
3.426309508685355665e-01
3.850676954732851209e-01
7.830050369320974424e-01
6.790716168484726145e-01
6.874986024256214412e-01
8.651942808963309917e-01
9.336994634450047625e-01
8.940183550537476043e-01
7.808649054627382347e-01
8.360878367881093842e-01
4.334640664787859921e-01
2.797743662441647405e-01
1.698574666203386263e-01
1.884310908094701809e-01
5.221071304102745669e-01
3.871847431523018912e-01
4.383486558202124295e-01
3.800115037090395775e-01
2.504581991204299918e-01
5.371371632016280762e-01
3.853314991174791038e-01
4.178017099706421433e-01
5.877966575363665624e-01
6.418269884394783853e-01
9.955048227438306752e-01
6.673085721550900962e-01
3.133540196789581511e-01
2.704265087066856088e-01
-4.082998810071236662e-03
4.486893564465496143e-01
4.789678657697827857e-01
4.424401212750738166e-01
3.315000014149992458e-01
1.095244617473098980e-01
6.455096326234699422e-02
-7.405750382108966523e-02
3.344375925302945918e-01
1.243726999003169631e-01
3.260948709645130617e-01
3.925334083275446861e-01
1.950018177117075480e-01
7.749384354461993363e-01
5.661938591196603587e-01
6.716172618968808683e-01
-6.269864731163610205e-02
4.246951851791369581e-02
-2.138600356292141846e-02
2.381898034100955464e-01
-4.345035885261405717e-02
-1.397923400230527413e-01
-4.604765808189822396e-01
-5.801795080302896146e-01
-3.676904755353915810e-01
-1.479934982965738222e-01
-6.249978240214352221e-01
-1.349395737647848259e-01
-5.835502931749436684e-02
4.818661588408453822e-01
-2.390150518628357812e-01
1.103748564133898435e-01
6.481451425295906565e-01
8.656485570980215760e-01
6.282067609540490372e-01
7.809885787388423095e-01
8.834331274078169871e-01
9.164476179507224929e-01
5.704325286889030400e-01
9.498171523607642497e-01
1.061859400017876265e+00
1.228661477817683423e+00
1.150013605507944181e+00
1.152676557725773598e+00
1.214844450252444474e+00
1.087183376799432111e+00
8.181000327522812698e-01
7.146853885108924720e-01
8.214074987897918012e-01
1.054863199952453812e-01
2.395364251126859134e-01
5.915680202380916297e-01
6.744154909456908653e-01
7.879701900271379733e-01
5.857842388702892977e-01
7.382142576233124975e-01
7.298354065137117042e-01
9.889824765584634969e-01
6.320562441524567587e-01
8.649890045451712473e-01
1.074416983393423841e+00
1.347273690817198055e+00
1.073636472388136642e+00
1.009178528747990633e+00
8.943150802800013954e-01
9.725762599330364244e-01
8.069366406361077049e-01
1.042191764162063716e+00
-1.256691506994672691e-01
-2.628722694314512554e-01
-3.860103791088087544e-01
-3.496179682965676605e-01
-3.256803259516483084e-01
-1.490765468900262514e-01
7.408185923397370143e-02
2.105647135351182975e-01
-2.491339200088843464e-01
-2.758484202408513219e-01
1.720981029247090621e-01
1.397014786077666049e-01
1.832545899049172755e-01
4.581155019606110157e-01
7.022184348703331969e-01
8.481996785141742157e-01
4.743971457391221724e-01
1.023819097461069028e+00
1.323019730994483556e+00
1.328555805027301862e+00
1.187694450757897258e+00
1.250165330480410120e+00
1.258168303193641258e+00
7.058748768552914887e-01
8.086307541946599065e-01
1.161694627044490336e+00
7.441565734084564232e-01
8.299255105266766241e-01
-1.025325143342578293e+00
-1.374178820051053629e+00
2.705540288960840423e-01
5.739871592171844616e-01
-1.234426584613973255e+00
5.112814901368777365e-01
2.945138682530266117e-01
2.757483092007128045e-01
-2.037969777121415138e+00
-2.290536983944015947e+00
-1.265577747261457997e+00
-8.264315942387097103e-01
-1.797929756387603994e+00
-1.542283147387440101e+00
-1.962270684350603922e+00
-1.961273587687322628e+00
-1.802959378515702316e+00
-1.599251083617051705e+00
-1.403479918853170361e+00
-2.209647905523375755e+00
-1.986945347342245594e+00
-6.312278974953769994e-01
-5.181232274229585766e-02
-1.933586598364509523e-01
2.331232408487992069e-01
7.248534394992643959e-01
5.719950273112125450e-01
9.363145972315710663e-01
8.814981873176369609e-01
1.064698720717476732e+00
7.774709152345907759e-01
4.666553219893380122e-01
1.188537792715759434e+00
1.140700820946161098e+00
9.365147316770506825e-01
9.754875904061223180e-01
1.151227915141871616e+00
6.946492105234892689e-01
1.150420192791889562e+00
6.807899397432150002e-01
1.286423543464161767e+00
1.216051620398837851e+00
4.065656486062607655e-02
7.764556812836892474e-01
8.113896294540089427e-01
9.183277980772021065e-01
2.418091960729120693e-01
5.654314326636852295e-01
5.107828906777346356e-01
7.188134702423630840e-01
1.030337896280450138e+00
9.004052679595732078e-01
5.411708939269755936e-01
5.915775511226103456e-01
1.180602332687237244e-01
1.635879611092061481e-02
1.934360090923757935e-01
-9.539755748198275320e-01
2.725274546675371390e-03
-3.991965861406558957e-01
-7.354606630507820597e-02
5.223196530134799342e-02
-3.176303308388037649e-01
-6.157764134645558052e-01
-1.093812543321780462e-01
-3.527972302527444537e-01
-1.969635099812356849e-01
-3.807384256922508037e-01
-5.607066175140922315e-01
-1.728308418899948240e+00
-1.338543952938319404e+00
-4.387551047479651967e-01
1.543860522081772491e-01
-5.527896347153926637e-02
1.977112622953157706e-01
5.739956662608695082e-01
3.970967872718746960e-01
5.242344567796347610e-01
5.485582169873463032e-01
8.414165970059958033e-01
9.505479804760351703e-01
-2.401189081114067925e-01
-1.972978701146754776e+00
-4.825482842039531262e-01
3.589317463520838025e-01
2.638208205085976754e-01
1.017418667702962409e+00
6.197084726001514943e-01
1.526382721268455533e-01
5.329232165142439026e-02
-1.012680965751547868e+00
-2.076444602436533948e+00
-1.498089515754015277e+00
-1.291142467190316445e+00
-7.781366335343408158e-01
-6.183834107374230893e-01
-6.704492894410729598e-02
-3.219223036181195763e-02
2.352068169660048724e-03
3.674831974549878089e-01
4.029739226230143467e-01
-6.457543001756971268e-01
-1.588884458888002449e+00
-1.297051517145422661e+00
-1.455108964839845642e+00
-1.052934614800335567e+00
-2.983238968529483559e-01
-7.691694747348447603e-01
-6.313424805056977451e-02
5.662985360047468886e-01
8.209222113179380775e-01
1.939955315891699339e-01
2.684453144575599248e-01
-8.400039963162042600e-01
-3.136254378809411048e-02
4.473061431466066606e-01
6.257483399316362549e-01
-4.076532735458018308e-01
4.939406017551639660e-02
3.002027757626587467e-01
4.744453549875301546e-01
7.464928775586888721e-01
1.870361822848765065e-01
-1.505463474926439504e-01
8.582304219304911497e-01
1.203163636000064152e+00
5.492017528920648539e-01
4.904694491792430666e-01
-2.738402375678680167e-01
3.099686659416539536e-01
-3.126231687565448336e-01
-5.186898822789109964e-02
-5.984064483630013864e-02
-2.288247886973681089e-01
-5.078962454257854864e-01
-4.596934456687085113e-02
-5.668399679814924985e-01
-7.006618483082676097e-01
-9.915501698133658559e-01
-4.298790626845517826e-01
-8.091391566571348726e-01
-7.459100477813733754e-01
-9.439739864596421448e-01
-5.384135396031319853e-01
-9.516022485910037298e-01
-4.332981821614440010e-01
-1.744367221357980835e-01
1.262076650074361872e-01
-1.140152492122229910e+00
-4.069963836448791117e-01
-6.557361586028801481e-01
1.934447715709112225e-01
5.377985894172899739e-01
-8.315898186105785683e-03
2.000185814694860342e-01
2.121774429282160535e-01
7.036526637171526266e-01
7.284264865211084183e-01
7.291844492134288425e-01
4.457389797735483716e-01
5.748937415465861234e-01
-9.710505365354515916e-02
-6.661072478753428117e-01
-1.539907358610618893e+00
-2.101871504448731276e+00
-1.226336516458280679e+00
-1.833385042928327824e+00
-2.100113295568466487e-01
-2.234519057464534608e+00
-1.547779805893289673e+00
-5.222866564143056056e-01
-4.508581212368583113e-01
-3.760430571560891000e-02
2.887267330977577595e-01
2.842779973663682735e-01
5.927831158405633127e-01
5.515208751173371615e-01
4.721559987973632522e-01
3.520197264704864049e-01
-1.273438931399131224e-01
2.690960991341198039e-01
6.556476222001282883e-01
8.814262343037536640e-01
1.226972635330033423e+00
2.741602630273853869e-02
-1.352961879036447712e+00
-1.257330909577474287e-01
1.873514348372170568e-01
-2.132063731563831332e+00
-1.406782200402962868e-01
2.322574572779855240e-01
3.056417550995308430e-01
3.001192685613558453e-01
-2.457607938221709754e-01
-1.147408714919537776e-01
-1.014929351172144667e-02
1.897834479291573562e-01
4.172174998274447155e-01
3.562632574486754855e-01
2.967611908502953977e-01
1.317912708576040037e-01
4.828849115178827089e-01
7.850910493944288637e-01
5.453407112357037123e-01
8.022149888237649629e-01
8.684511457863161032e-01
5.748665025687239583e-01
5.404809884592046698e-01
2.351593937229302655e-01
3.272680939436908298e-01
-3.458267247462909477e-02
3.007534296040863531e-01
5.853621960346601094e-01
-2.644739438376111362e-01
-2.424580199686848792e-01
1.584974440296355036e-01
-3.897921611987276158e-01
-9.654301059774572646e-02
1.103030691363767080e+00
1.177204351914450164e+00
-2.612043178500994545e-01
3.197549920940931933e-01
6.308397348030693186e-01
3.446956278544865970e-01
9.111994896350336104e-01
7.236582147393780806e-01
4.307008606000962692e-01
-3.342518311505005002e-03
8.751255909984522185e-01
1.174064520675758061e+00
2.266704610839713752e-01
4.132267455077534013e-01
8.776897652035587916e-01
8.871954296848486576e-01
1.005301184562687578e+00
7.250685909997541811e-01
1.124790913486209742e+00
7.588735711817439222e-01
2.511092094799107777e-01
-2.622762946292226394e-01
2.098993879384539740e-01
4.518070357581663865e-01
7.070695199568465261e-01
7.343899846054163794e-01
1.304393668939135553e-01
5.771034360225969495e-01
1.088419436329433498e+00
5.642389505524109117e-01
7.046256722475571221e-01
6.484713750650404895e-01
2.798193013194045786e-01
5.028281740686734169e-01
4.202477028670313919e-01
4.792945479394136177e-01
-3.288925885759859113e-01
2.038172500871394677e-01
5.400710096016924089e-01
6.490973770033255930e-01
4.296317972733776358e-01
-4.052859069710657014e-02
-6.996385156799281857e-01
-3.509161069875380567e-01
1.371200840608680638e-01
5.512178837620890226e-01
-1.438434829968092687e-01
3.196142093213616420e-03
-7.508016711072118543e-02
-4.432029269713612107e-01
-1.544295896949546609e+00
-1.464016419876688069e+00
-5.878444516987255675e-01
-1.282479170210223396e-01
3.605286132836212909e-01
-3.813193487241850477e-03
-5.601200934651741070e-01
-3.798191426981959440e-01
-2.126090271293460399e-01
-1.567508765178653451e-01
-1.497190446091146709e+00
-4.825697416958283359e-01
1.571565849940037563e-01
-5.119406845849217014e-03
-1.216529704341104967e+00
-1.250143307205113796e+00
-1.242889806149530152e+00
-1.104306971130472270e+00
-6.053268687776754975e-01
-1.048313086065966182e+00
-1.819577940896143886e+00
-1.949585133464969200e+00
-1.930217315882436946e+00
-1.771325361868359760e+00
-9.274864329730595491e-01
-5.415069984154738947e-01
-1.028118380655839159e-01
-3.743104324185780318e-01
-3.365151316044505680e-01
-1.056386895411086435e+00
-7.650105969827405428e-01
-3.492563394748293693e-02
-8.458265452068485235e-01
-6.952695694943636928e-01
-4.104513988312645800e-01
-1.479096574145429832e-01
6.402158790364954610e-01
2.688698654396026733e-02
-6.769461474520460653e-01
-3.950033796200718150e-01
1.645587339099940927e-01
6.269783775827927341e-01
4.989155167549838010e-01
6.113188333189084611e-01
6.535737473504145134e-01
5.455050352524154489e-01
5.705109737768098155e-01
1.138092566601709432e-01
5.536441567058215663e-01
5.430984475123287192e-01
1.806678118444949854e-01
-9.469113110532756394e-01
-1.627542906336109763e+00
-1.271416688052760424e+00
-1.484653497919012910e+00
-1.922566778957329081e+00
-1.231777357768522707e+00
-1.509422145261030135e-01
-1.041529125095072228e+00
-6.487629832313934752e-01
-6.862202000171593319e-01
-6.233216864543712488e-01
-2.202382429500790550e+00
-1.337179408342754616e+00
-6.171338313521546048e-01
-1.825279763995802940e-01
-3.125806275590786720e-01
-1.512119487976964827e+00
-1.467840886400754385e+00
-1.098973766449726996e+00
-1.431450848816790078e+00
-1.436286907207805275e+00
-9.270459725526258854e-01
-1.499024514702560484e+00
-1.776417493132637748e+00
-1.267038124234182828e+00
1.362157989653793866e-01
3.388082624125247078e-01
-5.907740088186541616e-02
-2.942930698947149315e-01
2.813687929035101343e-01
-2.346392669993131452e-01
5.359791660206769670e-02
5.581703367043863162e-01
5.109760419497421102e-01
4.990686849258917368e-01
8.055113004428490209e-01
4.433045439750088468e-01
7.571339469959671442e-01
5.290418924939394030e-01
3.677046169791521324e-01
4.689958247655189316e-01
-1.503321884335764302e-01
-1.357926480720677453e+00
-1.186747291905205337e+00
-7.181900282816777725e-01
-1.802956290698530806e-01
-1.637716064893794954e-01
-1.299459562098292498e+00
-1.030717651973285687e+00
3.741246211874328376e-01
-3.291618506830010782e-01
6.184684526531659676e-01
8.730779287899722574e-01
-4.243073818844292910e-01
5.473776098078223518e-01
7.232010526492690383e-01
1.210765528798369850e+00
1.140365741910343012e+00
8.443060093735054172e-01
9.837062419803549451e-01
8.509934157041817437e-01
8.429136142877989846e-01
4.323372916234019536e-01
-2.568598008110002384e-01
-1.414220694272635193e+00
-9.785923371760907319e-01
1.567817690348636273e-01
5.851809839624401155e-01
-1.396493028019418103e+00
-9.630935861557736732e-01
-6.398014116006870422e-01
2.675922922306106511e-02
3.125816361873610116e-01
2.127097727113796966e-01
-1.683277299428133755e+00
-2.264602984633005800e+00
-6.449231626160294439e-01
-1.971687477873715455e+00
-1.230258530850243837e+00
-1.863030645834583776e+00
-2.457894076273298811e+00
-8.747452627082413779e-01
-6.267302187452311601e-01
-1.023313076916929187e+00
-7.023999996504637355e-02
4.689839163022951896e-01
5.242926164517934806e-01
3.676583643624342645e-02
4.631448378072638983e-01
5.257441380536010955e-01
-1.256393363184382883e+00
-2.460423884395133154e-01
-1.544023106907023157e-01
-2.336609624924087525e-01
-7.421007990919851194e-01
-1.637912609817694154e+00
-2.455523403986425102e+00
-1.858000666460796424e+00
-1.363760670995776803e+00
-7.475556719597264976e-01
-3.968958258665910011e-01
-4.877690306025769251e-01
-1.835621529445427225e+00
-1.274966713849568389e+00
-3.656494137686461254e-01
-2.107716038823970184e-02
2.443248777231472602e-01
5.517152914156538968e-01
-1.305592065260519075e-01
-9.183709345230457455e-01
-9.199980358129965508e-01
3.527865144305000200e-01
6.716499044820428699e-01
1.192352037353430205e-01
3.757141108482177083e-01
-2.002234803044695699e-01
2.447805741559916370e-01
1.281805366084231013e-01
8.170298804178599550e-02
-1.446072546347202392e-01
-4.803509231882558961e-01
-1.271809770652637006e+00
-1.445169298958989490e+00
-1.973464012700198111e+00
-1.832084626588633913e+00
-1.125534755585171798e+00
-7.839479626736209905e-01
-1.584544560522711976e+00
-1.983361461785423163e+00
-1.099726702615835716e+00
-1.576936696757923695e+00
-1.940689439966282404e+00
-1.307786529034609568e+00
-1.225407551996812394e+00
-1.543556446037569252e+00
-2.349927523965499310e-01
-5.376979832640444990e-01
-4.212372476654520081e-01
-1.301213526412826615e-01
-6.590618650188320160e-01
3.791665901653865633e-01
1.753485242754759810e-01
5.639548417931038449e-01
8.383429546747044325e-01
9.468508982514726169e-01
-2.172371914525683678e-02
-4.980912414682120981e-01
-8.344689280313986046e-01
-3.784539273133169512e-01
-1.191673786515050626e-01
2.579751500638656214e-01
6.141640411499837970e-02
-3.030718961319004423e-01
-8.359103137966578112e-01
-1.935848054716593492e+00
-1.015271092115503926e+00
-1.042064006604912940e+00
-1.035110518545579339e+00
-8.544966725159571785e-01
-1.406433423897216040e+00
-1.945882170396507682e+00
-2.180017226703980793e+00
-1.397278850476320722e+00
-7.980600180285148948e-01
-7.058191456073632519e-01
-1.826081203087287275e+00
-1.220283182092903651e+00
-1.966051097332482733e+00
-1.528740591044216668e+00
-1.929244218814982315e+00
-1.080296189848141797e+00
-1.097196130967744931e+00
-1.188473931138716022e+00
-1.536063671259083385e+00
-1.774706941010209871e+00
-8.321883605013936647e-01
-1.696158143723713874e-01
4.045113667628579268e-01
3.661775575488076528e-01
2.089022950598312667e-01
2.501545283313594270e-01
3.871257719830775157e-01
1.352191117730539016e-01
2.699017356581905336e-01
-8.051623010083606147e-01
-2.362321816254525420e+00
-1.349175686219738823e+00
-5.882144810321392470e-01
-1.156797428705592878e+00
-6.870614943332609137e-01
-8.206260039689684538e-01
-3.376857903116007309e-01
-9.230554323989081933e-01
-1.093272821420854246e+00
-1.072241057009124310e+00
-1.709514993471103139e+00
-2.314687916309519977e+00
-2.139161599468857311e+00
-1.661090833436316583e+00
-6.757502558397950887e-01
-5.103067239723326765e-01
2.313873413037936810e-02
-5.609152412464391002e-02
-5.635039783590700679e-02
2.325923936820630811e-01
-5.796540001735223102e-01
-5.074418814615344608e-02
-1.292026685193193858e-01
4.806540286540693652e-01
1.006043106978496970e-01
4.878516368272775017e-01
-2.130338951204049369e-01
4.338984739899763854e-01
5.185477888960540183e-01
-1.735685524338375085e-01
1.885306986943354746e-01
3.051574605784155292e-01
5.115452383226511968e-01
-6.387909505924903586e-01
-2.355925777990484082e-01
2.574436747790221913e-01
3.325762240058516284e-01
5.467908141115501719e-01
5.396923850470235484e-01
-5.310430522608011739e-02
-4.004270724336136400e-01
-6.571664223226966195e-01
-3.389088879586965031e-01
-4.127638256647697679e-01
-3.704732868395922418e-01
3.855620761544210628e-01
4.448604239075150124e-01
-3.263878456170462572e-01
-4.308307155840168656e-01
-1.746812848047166078e+00
-2.169666765690642096e-01
-3.996570096462906951e-01
3.075017360367703345e-01
2.574766755105957206e-01
1.381027946128123851e-01
-3.728636522672948983e-01
-8.230953859754016610e-01
-9.824963492709096746e-01
-2.945961969988800666e-01
-4.591563986578891532e-01
-2.656274286290675191e-01
2.276229769935360636e-01
3.945778313905063950e-01
2.499589712035803490e-01
2.101284648075405492e-01
3.320030839612092555e-01
7.259426193839524366e-02
2.329487780084416038e-02
-1.433075492352181568e-01
1.388995600735479785e-01
1.402305891514052938e-01
3.066743973071863749e-01
1.835564340861817190e-02
-4.678534964413655350e-01
6.355170080721928016e-02
3.445947732005497643e-01
1.909418693404029144e-01
1.490103806690025179e-01
-5.800228080631664174e-02
4.507553897494548378e-01
-3.301092171834224542e-01
-5.841317937496726120e-02
1.568994049523714240e-01
-2.311703117986640965e-02
-9.073760132812076495e-01
-4.595131680325723611e-01
-4.861856078809614345e-01
-2.684721342292668567e-01
-1.366986178146820663e-01
-9.816536949010634672e-03
-8.303019587927096268e-02
-1.572831031503546528e-01
-2.581805318056296095e-01
-5.749014564436707442e-01
-7.492938198034845287e-01
-4.716231741480981787e-01
-1.273386042650566541e+00
-2.359937358476326130e-01
5.140554275583889554e-01
5.155362444523060583e-01
-2.490070661827172849e-01
-5.947890518992572373e-01
-1.300621846749791422e+00
-6.299134463388503802e-01
-3.023516814267636077e-01
-1.219364462475895916e-01
-2.167063311358995437e-01
3.252406444948618969e-02
-5.050703668605848184e-01
-1.837226817949764612e+00
-1.866176470442023394e+00
-5.854648536081960009e-01
1.134671380102784122e-01
-1.981761781694690860e-02
4.602756997825351304e-01
9.259895845682575288e-02
-2.923703243486694969e-01
-3.238583484680908064e-01
-8.387866957916223498e-02
4.820016973954233119e-02
2.406116283811010614e-02
-7.106563629093386458e-01
-1.118319049950281086e+00
-3.535739173287414383e-01
-4.606154957782989667e-01
-5.375198717163509610e-02
-1.372927911102491683e-01
-4.330481651923836495e-01
-7.450214746231875740e-02
-1.224285735846828427e-01
-2.082098266696832845e+00
-2.152635784284721687e+00
-1.673005094750580124e+00
-2.042006657356105759e-01
5.504099525815708827e-02
-1.477353251966643244e-01
4.453890919958219952e-01
6.307713151846120470e-01
6.583366852590176732e-01
-1.426804339191456439e-02
-5.427852644268758020e-01
-5.247334483395720284e-01
-3.329510161920889999e-01
-8.940802514635726173e-01
-1.738512891014396988e+00
-1.538753162584390433e+00
-1.214400762892000607e+00
-1.011490257950107718e+00
-1.092351715207844354e+00
-1.961064554992610898e+00
-1.195209569934498450e+00
-1.240798705212738273e+00
-1.903349800440809592e+00
-1.200666178821149899e+00
-3.496578227018416474e-01
2.561239300813742403e-01
2.813953216097336840e-01
5.561606090026661731e-01
1.950226690956899933e-01
8.144548491176628602e-02
-7.465751270122885641e-01
-6.624453048448255554e-01
-1.420885197545623813e-01
-3.386411022924391556e-01
-5.997979674870737021e-01
-1.597269920481619643e+00
-1.173690003046488073e+00
-1.203028434451817175e-01
2.651645897772669791e-01
7.404363400600449951e-01
7.123438864010597227e-01
3.803245567194343257e-01
7.121244206674096633e-01
8.939065829103282068e-01
1.225588510640143181e+00
8.770013499511098987e-01
4.200736057588133621e-01
7.208696430916025077e-01
7.640220468417141531e-01
8.911703318986864408e-01
8.172393291628721190e-02
3.462984721060122784e-01
5.264516380535083639e-01
4.860974017572473604e-01
3.690762967219933799e-01
2.966774693615826797e-01
1.141578032407132293e-01
4.751818579237138129e-01
3.984598146494303661e-01
2.345917013007126073e-01
6.281212741868632543e-01
5.779773836553248056e-02
2.155423418334118102e-01
2.681919117009797793e-01
6.820784928576451023e-02
3.152164145203505408e-01
6.509704177029028704e-01
5.402250739880288810e-01
-6.736725697483070263e-02
-3.355081999571806195e-01
-9.912874056518894417e-02
-7.170063055779545280e-01
-1.276044858645711377e+00
-2.010630517290941555e+00
-1.151065119941542036e+00
-1.187431206702115993e+00
-1.869064972309207651e+00
-2.146023391732708951e+00
-9.245086822960556505e-01
-3.654595813481098521e-02
-1.376909161255890357e-01
1.451486078616693876e-01
1.750270832527043297e-01
1.660041153426708993e-01
2.256728399775164151e-01
-9.028895520005211228e-01
-7.202392968593681610e-01
-3.032211046456269044e-01
-3.054039047814492980e-01
-3.056628881738788772e-01
-1.147930534707150008e-01
-7.393827411966233942e-01
-1.131020346126537790e-01
1.093519468701503738e-01
-7.068528010015855401e-01
-1.693874828277219358e+00
-1.080189653758075075e+00
4.829385798015101150e-01
2.955291300709965707e-01
3.055970006907456904e-01
5.404160566613857020e-01
8.382306280540529064e-01
2.752220178097064540e-03
-1.424890641085335030e+00
-6.980036482929151687e-01
-1.709966018993197556e-01
-1.336283746967341646e+00
-3.471996007462649914e-01
1.676907118872451585e-01
1.133574692039496234e-02
4.054505467209352787e-01
3.506790819227899592e-01
3.818357426111791408e-01
4.241182039102410206e-01
3.954125814069374689e-01
3.608820979302389542e-01
5.129339433621682431e-02
4.327383602842579391e-01
2.455644801726086790e-02
6.266359750295535935e-02
-1.168395606905231476e-01
2.137930092035912333e-01
1.667140063789096516e-03
-1.616939910928159030e+00
-2.273821133715942633e+00
-2.334241637452381113e+00
-9.762794129755675288e-01
-1.521124307630934869e+00
-1.524224727010090596e-01
-4.747250361055321832e-02
4.837231911049858502e-01
1.544845001151948782e-01
4.071808685125717364e-01
-1.246210512150311978e-01
-3.251679783100946963e-02
5.682267509603511346e-02
1.134964828551966454e-01
-8.587389949037453896e-01
-4.101696777549197481e-01
-5.659989379924988961e-01
-8.922474953127691455e-01
-1.901660378352323377e+00
-1.066228301427096792e+00
-2.189094672206063352e-01
-6.809284635880097358e-01
-6.618623095070049756e-01
-2.216165033980936450e+00
-2.193415860746557478e+00
-1.675235675512043887e+00
-4.452238297191083438e-01
-5.267700366204320916e-01
-2.289678479415179213e-01
-4.050355215859984259e-01
-5.094005893034767585e-01
-3.810821701401577721e-01
-2.161920956623909484e-01
-8.025729471486164890e-03
-2.745974745360346692e-02
-1.299482388981727521e+00
-6.450861029761905119e-01
4.704627834870789282e-02
4.834098155003718755e-02
2.982601878305795040e-01
-2.347511612881523213e-01
-5.853766428864788374e-01
-4.570128947688706922e-01
-4.539071405679039328e-01
-4.710796255560728008e-01
-5.552067067299213399e-01
-3.676216079171598095e-01
-8.121057266217431847e-01
-3.389176381134834104e-01
-3.057372495151401415e-01
3.770524143351998703e-01
8.932427655061055960e-01
8.342203016916046598e-01
5.988325475182610935e-01
6.781665701820159819e-01
8.817963774908371688e-01
6.303221160243629440e-01
6.337345282417417014e-02
-3.012813735039207019e-01
-1.267096150192991155e-01
-8.627812079231530484e-01
-5.418074246286319617e-02
-2.003119816606409032e-01
9.448484118473599036e-02
5.889258545668626388e-01
3.484769528529099158e-01
-1.213324616362648545e+00
-1.855238878983493933e+00
-3.826447477975492006e-02
-1.596157903555830426e+00
-1.387993364549702680e+00
-6.548680455011760548e-01
-1.244948020472259165e+00
-8.696712718592650715e-01
-3.139942403818916095e-01
-2.633487112536585517e-01
-3.811330358226292514e-01
-6.958046473285013356e-01
-9.601461565804384479e-01
-4.404727275922121210e-01
-1.393525395502617670e+00
-2.049462753321327213e+00
-1.797246338474126404e+00
-3.115462449834944803e-01
2.706020380834864847e-01
6.865711096442750350e-02
9.072325470379816181e-02
4.054109880504768171e-01
5.718805044207316834e-01
4.500064324192608600e-01
4.508257469194865141e-02
-1.003280818413742503e+00
-2.827374134038808107e-01
3.232310882754330095e-01
1.606576839130974266e-01
3.872121987021404088e-02
-9.333166587300799621e-01
-3.954937924812514938e-01
-3.939619598113155430e-01
2.153874217155536952e-01
4.229651197936777907e-01
1.015295033377300316e-01
5.690309795285378724e-01
3.170012840083874517e-01
3.498857707986572363e-01
-5.165400538510822592e-02
-2.907634502052669490e-01
-2.955740388061804391e-01
-3.675799539489811307e-01
-5.788433764018408034e-02
8.538047332786569132e-02
5.274506741064192150e-01
1.142942107475325431e-01
6.127120828927253848e-01
7.663954593299479034e-01
1.067388305825453632e+00
9.038725355640139236e-01
9.872569301473047565e-01
1.242256105638724684e+00
-4.239475576380742350e-01
7.036686902062977422e-01
4.207845334097369827e-01
5.416932189916948692e-01
4.017269856927359051e-01
1.551345700475378342e-01
5.707801563123572341e-01
1.694078045325029258e-01
4.296163262857921605e-02
-1.965473311853178640e-01
1.852321651209081210e-01
-1.788305814143217987e+00
-1.170963976274010498e+00
-1.736099565439158665e-01
-9.047549466355730985e-02
3.381721974380769158e-01
5.290934263250491876e-01
6.445712160643580768e-01
-1.920875116229428525e-01
-1.685440182548009869e+00
-8.140453077312547192e-01
-1.532564625682601100e+00
-1.722466576187712484e+00
-5.448693562031211579e-01
2.480496625909619501e-01
8.981338472441841025e-01
5.249282732342591684e-01
4.648854865787811486e-01
-2.953745229339428402e-01
-4.470919293203645672e-03
4.731415207024735059e-01
4.245723243180692386e-01
3.810990641289618841e-01
7.698896800624178693e-01
8.876889342732064980e-01
4.775008575089830787e-01
-1.412593632252425735e-01
1.187912699677462491e-01
-7.150736648562058262e-01
8.724777018530815997e-02
4.344133399350337266e-01
2.554343982118609802e-01
-7.291397478807696286e-01
6.023526003523035355e-01
7.436575736591860553e-01
5.932073398699512223e-01
-5.540617776268940142e-01
-1.010782731782006838e+00
6.165723639501184961e-01
1.096771452725501916e+00
-1.446683848718720578e-01
-6.044035644878534841e-01
4.137581107748327103e-01
8.140030203531817277e-01
7.637832186477134799e-01
7.232892081086051972e-01
-2.787370720802767599e-01
-1.116094124247184460e-01
7.018221915132361044e-02
4.999571737215713352e-02
-1.297853776379888746e+00
-2.439055008833544980e-01
-1.581087358344014371e-01
4.574975344274944122e-01
1.260003786895882438e-01
-4.525158488175766713e-01
-7.846215309250854641e-01
-2.172088052017735471e-01
3.929184221963976098e-01
3.685897899515652165e-01
3.258165308505456270e-01
7.671628653428500533e-01
1.501040921630997449e+00
-1.922941254599387362e-01
4.855404101319641397e-01
-5.054659141636256292e-01
4.589758285797879145e-01
-1.442153165571026241e-01
1.000558192840579785e+00
9.114527135206168529e-01
-4.766257990178230930e-01
2.813813275712209183e-01
5.441325476982642462e-01
3.162826572649233281e-01
6.225224895053597107e-01
-8.635246520848227636e-02
1.089635933508014798e+00
1.404484181887939886e+00
-6.669503521041875160e-02
-5.385817392569086648e-01
-6.621466797020939543e-01
-1.237642221356471062e+00
-8.285949601305196976e-01
-5.584810687582090205e-01
2.147528398962816887e-02
1.158165366857282219e-01
4.544106982398684602e-01
4.413879249996311982e-01
1.527874011755065986e-01
-3.323366029772405472e-01
4.681844729818841477e-01
2.777268216849574367e-01
-1.026712261856133068e-01
5.214754050177309308e-01
1.112877944329894175e-01
8.963124238787262277e-01
2.782986180037024804e-01
8.267871335311353098e-01
-3.200523441802898272e-01
-5.677824235847357404e-01
2.015074720335403580e-01
-4.804843367375810637e-02
1.548726684645319596e-01
-3.710689117032666129e-01
-3.232329134427972539e-01
-3.585191089865569225e-02
3.224965723034083354e-01
4.685501075863117704e-01
7.650048004371389210e-01
4.614938817336783350e-01
2.892114245283233798e-01
7.357069932475334140e-01
9.040166327132376223e-01
1.351422784561546742e+00
5.393051635303812708e-01
9.368887313064865330e-01
-8.825693359057744658e-01
-2.574085443901386050e-02
-4.403904538216135700e-01
2.860453703095944267e-02
4.700285649082246442e-01
6.310697473548571024e-01
-2.454689523182155275e-01
-5.526720657939786507e-01
-1.254911447003040248e+00
-9.079014322773378831e-01
-3.922612704515382465e-02
-6.330008473939108260e-02
4.599819061820731303e-02
2.268387009350721906e-01
-2.043307406241459123e-01
-1.872378522039291893e-01
1.803406680899122261e-02
1.644633384235635321e-01
1.228423343672954138e-01
6.900898743205051700e-01
4.879149288974445886e-01
1.112736933603650780e+00
1.287680982621534298e+00
1.250062045095527541e+00
1.380556305541570161e+00
-1.765201131395204293e-01
-2.857097833123709574e-01
-2.248822671423233999e-03
2.592921645175367829e-01
-8.060813748802031498e-02
6.252010481564519440e-01
8.994303617310949184e-01
1.311462279808767395e+00
1.368027121396705237e+00
1.413489222639756182e+00
1.305435850926666141e+00
5.732098317006518728e-01
1.039481060939277057e+00
9.388396813686771258e-01
6.993767883021212439e-01
4.210218910225788091e-01
5.322305978035023477e-01
3.157488972582842557e-01
6.984776472891174315e-02
6.594376314991835519e-01
-1.614540864762662453e-01
-5.142529327266032180e-02
1.270679700409376167e-01
-3.923528978240674592e-01
-3.336668700479091809e-01
-2.769637038503728332e-01
-2.704418209831171982e-02
-5.698462926185157151e-01
-1.357720694461981292e-01
9.212457530564033270e-02
2.995142656350143762e-01
1.089406340191423350e-02
-9.012980340651777222e-02
-3.358585640064504219e-02
1.286360786263450739e-01
-4.425194518876874872e-01
-9.141377354735450433e-01
-1.432309959073630345e+00
-8.476383897548280810e-01
-5.705471011733368458e-01
-2.648382098358283976e-01
-3.687528514168701976e-01
-4.456588928433994345e-01
-5.609123561790190227e-01
-5.679683222068382387e-01
-3.346196003837618171e-01
-1.216069715320065026e-01
3.064201307442382394e-02
3.030038289752784442e-01
-9.027151345798811732e-02
-5.192173179921577564e-02
-6.756139885896794706e-02
-3.156960373795858477e-01
-3.777661692224122403e-01
-5.197072768370926132e-01
4.885353485996847267e-01
6.013038806257203772e-01
6.834395353788472738e-01
7.111412871264745084e-01
6.412690713978043133e-01
2.399880368095351768e-01
7.006384396505483947e-01
5.928089082514430563e-01
7.126497421113181518e-01
8.976571931654276915e-01
6.252167499763153780e-01
6.587178198862403411e-01
6.369669345302443331e-01
2.718954394912612704e-01
-2.876880502005945139e-01
-1.795815445173333247e-01
1.500467149755247975e-01
-2.935688673691300155e-01
-3.932679700166497039e-02
-1.747484254601693321e-01
-1.132073755458893771e+00
-1.375611814246821663e+00
-1.507747694272545180e+00
-1.657139715421310999e+00
-1.562837790888917944e+00
-1.696188045047004600e+00
-1.472840422116332704e+00
-6.404893371309468009e-01
1.926864874028552110e-01
3.409618939018544959e-01
4.067866968149098650e-01
3.451250131904753937e-01
3.158187088833658285e-01
5.712174980289933535e-01
7.039714457165725525e-01
6.280323346067232526e-01
3.815420018508127731e-01
4.649776590366195839e-01
1.957408478041799960e-01
5.819618334696906592e-01
3.716916282620374989e-02
1.294029988728765401e-01
5.757344050763680832e-01
4.527525631984173904e-01
2.531339250234051486e-01
-2.649853016532592864e-01
-2.444264003045300004e-01
-4.738528870962355199e-02
4.285354506635409289e-01
5.293234936599547913e-01
6.722371566784465236e-01
6.244391269279504497e-01
5.806197105853770912e-01
5.644390831395734720e-01
6.353026457876510547e-01
5.850001692297229772e-01
4.454307673516055832e-02
-1.798489720410564319e-01
-2.247288802088768800e-01
-3.655937372224009052e-01
-2.378013995458734264e-01
-4.433046677884474596e-01
-1.806054935687487761e-01
-6.374224129114134385e-01
-2.299033588143614693e-01
-3.781963259849876469e-01
-5.241262858185157247e-01
-4.262894794576699287e-01
-1.265040090929931971e+00
-1.757501943239924369e+00
-1.372150513023088880e+00
-1.807282837624520688e+00
-1.055505046891199949e+00
-1.065738393823989272e+00
-1.691246905528800415e+00
-1.345753433818379197e+00
-1.193790933064705850e+00
-1.455242708433921450e+00
-1.193078976393302959e+00
-4.309956548719547365e-01
-2.679400182531466168e-02
-1.074474381353205832e+00
-3.190786603926244469e-01
-1.264979657143585623e+00
-1.202003188077210183e+00
-4.254354620610791282e-01
-1.911402562411455452e+00
-1.280264463590067958e+00
-4.318600010652716148e-01
-1.303316388787734148e-01
-1.852194908106722937e-01
-4.431693158474553917e-01
-3.272592232407792179e-01
-9.454523927890202684e-01
-1.001544643768123244e+00
-6.627060541780858127e-01
-5.193680260702402407e-01
-6.028757047837157712e-01
-3.570484863236536577e-01
-1.016202424803903659e-01
-9.857282347229645580e-02
-1.845487933071228714e-01
-7.177196453177658864e-02
8.185091243061437538e-03
-1.287415170843819734e-02
7.099511016003623443e-02
2.561339163428877352e-02
-8.248970852108705731e-02
-2.219276271412415347e-01
-1.073822759063041143e-01
-9.640471520940502304e-02
-1.442643667058546519e+00
-1.843495446046343744e+00
-9.058143565211496107e-01
-2.348378350843415285e-01
-3.491644165141672973e-01
-2.843453185508539871e-01
-6.679676544760904111e-02
-5.729775580902574106e-02
-9.127972204738532547e-02
-1.327699371001158646e-01
1.398836342325615600e-02
-3.711645552834498818e-01
-1.257193042540687644e+00
-2.736228687820255190e-01
-6.895872835859362393e-02
-8.050922667399813548e-01
-8.084824797308760580e-01
-1.361864842386390384e+00
-2.092978331060298736e+00
-2.048097454537616713e+00
-1.251379836875211815e+00
-1.240137481184622636e+00
-1.099222973422637306e+00
-7.781470361277610381e-01
-4.581380235745047269e-01
-2.574980421737788627e-01
-1.520759717421308332e-01
-4.206959729598011011e-01
-4.491036994414098760e-01
-1.158306506445530903e+00
-6.396372673331713887e-01
-1.013045763152072176e+00
-2.470572256834910885e-01
-1.949172411186509413e-01
-4.695492224714601925e-01
-1.180327988552343776e-01
-1.160893627971336883e+00
-2.185565888943236112e-01
-9.275952898095041199e-02
-7.555231742304036047e-01
-9.640662297394690938e-01
-6.148072586837070030e-01
-2.690616138820726144e-01
-5.836145281478486435e-01
-1.270287496137061156e+00
-9.089026853750920010e-01
-3.755786779770186601e-01
-3.929682031216973348e-01
-4.753572189991995822e-01
-2.876027762602374471e-01
-1.176028578609750852e+00
-1.579208534165419842e+00
-1.953117385860376309e+00
-5.952535130379688066e-01
-3.362424946966449113e-01
-9.338155452273771973e-02
-1.760359885909731914e-01
-2.589665758539445028e-01
-1.144060483274226936e+00
-1.917007090603650710e+00
-2.373737584370990472e+00
-2.887850009963384146e+00
-1.374525089421477109e+00
-9.815495316713942486e-01
-6.946333246604536882e-01
-1.109132778225707661e+00
-8.576737909869296406e-01
-1.429148921376304893e+00
-9.695935020762384005e-01
-1.418231109285524205e+00
-1.460190497044755675e+00
-3.611795391818922174e-01
-2.263599637006686871e-01
-2.092772838362522703e-01
-4.008039889517271970e-01
-2.972798440943018039e-01
-7.471688273747172371e-01
-3.459545431240437230e-01
-2.571560666781204652e-01
-6.453061259864019128e-01
-1.064265023448014436e+00
-1.369761673192147811e+00
-2.110936329528841693e+00
-1.813263045906047477e+00
-1.878231325841278387e+00
-1.912520766045779030e+00
-1.535513695852130267e+00
-8.525816210676686602e-01
-6.653042077538530163e-01
-4.675320959855564507e-01
-7.173496785396316078e-01
-4.905302299545744593e-01
-2.975922420943523106e-01
-2.855828984506221802e-01
-5.652558205964163252e-01
-9.320278797288414907e-01
-1.487801552060138643e+00
-1.694422071686602749e+00
-7.684668363394916435e-01
-1.023706351728620900e+00
-1.325236275106733252e+00
-1.191567652362621299e+00
-1.620133417656487218e+00
-2.146385929822809402e+00
-1.884039888590955503e+00
-1.352323547846526974e+00
-9.742154752005911522e-01
-1.237270056340527891e+00
-1.835980205196493298e+00
-1.713088105708523656e+00
-7.591207664113330811e-01
-5.474493452844033659e-01
-4.459306020454523178e-01
-7.881815625135297765e-01
-1.535093367330317982e+00
-3.301330151735648033e-01
-2.356403756662298066e-01
-1.913268025420721274e-01
-1.292247110999282800e-01
-2.274680968557424854e-01
-8.371132617730364656e-02
-2.552492574140112769e-01
-1.240712530993234308e-01
-2.249046609249678585e-01
-2.848037801670457170e-01
-2.715799106723032486e-01
-3.698915415609068669e-01
-4.943492683835284396e-01
-4.246898312190909297e-01
-3.373918154558963600e-01
-3.480803050115329200e-01
-4.237206633047855830e-01
-2.054664713967247480e-01
-2.846932341418170753e-01
-8.267741606694167800e-02
-2.393965207607501311e-01
-2.210068161292508271e-01
-2.120655094601365254e-01
-3.817021759191969177e-01
-2.782117905821590575e-01
-1.447097133034921379e-01
-1.242872487629185785e-01
-5.397869503854239026e-01
-2.672026532005464805e-01
-1.995147439657263266e-01
-1.379814148081297542e-01
-9.635876488505668025e-02
-1.629300534018226498e-01
-1.374135250992918333e-01
-2.421770131412620541e-01
-3.048031504316923712e-01
-1.703449293353869187e-01
-2.700141154944133426e-01
-2.073772415444727901e-01
-2.523411537151480921e-01
-9.682146949400405322e-02
-2.176161429537623038e-01
-2.894059940499905670e-01
-1.318179148306681259e-01
-6.109616023404627061e-01
-1.143463195163347823e+00
-1.480848902526132216e+00
-5.998663161884826289e-01
-8.052738691464019771e-01
-4.566424678616314847e-01
-1.704124868933836190e-01
-2.107980072321664067e-01
-1.565799420203000114e-01
-3.105010285830259176e-01
-3.989619401302979540e-02
-3.104259901354628481e-01
-2.284487192521127974e-01
-9.583136001584968700e-02
-1.283473565495928947e-01
-2.396682148587356287e-01
-2.228520853930007206e-01
-1.994553786803393569e-01
-1.890204441600759622e-01
-5.962481122632812269e-02
-1.506891012942408459e-01
-3.685029132840348387e-01
-5.568379283785920286e-01
-1.866235172766845252e-01
-2.170037979416735152e-01
-2.223265784078184426e-01
-4.894499870456681112e-02
-1.461301703083070502e-01
-1.760826652003705250e-01
-1.812625910776237692e-01
-2.377354969792779271e-01
-2.084470628133317516e-01
-1.623990387384163792e-01
-2.781695238654618985e-01
-1.356877278300163137e-01
-3.837977419201631379e-01
-2.229922857338129116e-01
-9.037548069633626335e-01
-3.379231716193791257e-01
-1.988047891991875371e-01
-3.172251478071924646e-01
-2.676552454399124259e-01
-3.031652576896184392e-01
-2.945854284877150731e-01
-1.192430828151064826e-01
-2.381010228456262867e-01
-3.516959543892858586e-01
-3.547238287990469585e-01
-2.031077608344165064e-01
-3.137919613625382853e-01
-6.460894158980055035e-01
-1.576539299456030552e+00
-2.043524182984457926e+00
-4.636024869799448833e-01
-2.842719020507311067e-01
-9.069557016873641686e-02
-7.000158351129268652e-01
-1.623516739248117347e+00
-1.782216618716193413e+00
-7.505097032730513318e-01
-5.946366172805765959e-01
-3.447359653419544978e-01
-4.068533841290580266e-01
-2.254998096151091258e-01
-3.237575929092245119e-01
-1.522813176545569358e-01
-7.562308414976481874e-02
-2.259197488353652528e-01
-2.801158594107530098e-01
-2.016606962469944531e-01
-2.491606823124872805e-01
-2.649216406760521725e-01
-3.165431906633843773e-01
-3.943130011002744517e-01
-3.563002862023904593e-01
-2.549586824440206456e-01
-3.803971102009366945e-01
-3.481929792357019715e-01
-1.288520786072391289e-01
-2.323338080097868130e-01
-2.801073440677092075e-01
-9.442174817516801877e-02
-1.365541219163058484e+00
-1.927199385159262590e+00
-2.362804273653448028e+00
-2.588209202764041539e+00
-1.156739546859085088e+00
-2.365234671419012003e-01
-4.675338820675500884e-03
-2.556472416365451750e-02
-1.242547055236864484e-02
-8.700033222310299408e-02
1.097931185410248034e-01
8.900576801500259538e-02
1.369694586376070111e-01
-1.224518243154670838e-02
6.861975769743133835e-02
6.905339280845346206e-02
-4.536382904706919295e-01
-1.137257401712033378e+00
-1.193138024557017562e+00
-1.414859019383189587e+00
-1.589684998372761449e+00
-1.232086901623655972e+00
-8.988346381696376008e-01
-5.347948588009489024e-01
-1.165035254920838259e+00
-1.022388217626491125e+00
-3.066216812941274239e-01
-1.806209481316201071e-02
2.628630896132048145e-01
4.238470894015297086e-01
5.961996926491219817e-02
-1.648994422188709841e-02
-2.424119119556339408e-01
-3.557245994702787351e-01
-2.339897322741941732e-01
3.372000528473941827e-01
7.779894047538082891e-02
1.225225698888444681e-01
-1.917454416680564044e-03
-6.486062746407661450e-01
1.500355256846467311e-01
4.196095448171233144e-01
5.482090841210723875e-01
4.152231998820029579e-01
4.092201626384078805e-01
2.896357089873065060e-01
3.207134037215272349e-01
3.419949943933725534e-01
4.150748180053634995e-01
4.565172176544801674e-01
4.675633841841883021e-01
3.311391756391961483e-01
3.087323093932944351e-01
4.969140099160967994e-01
4.657416544537505976e-01
3.745452489625588077e-01
2.942428416592868246e-02
2.217551311450716156e-02
1.828938754303126579e-01
2.024577800259832472e-01
8.346063564594209394e-01
7.814244527763144488e-01
1.397459054814134571e+00
8.522830896326508698e-01
6.242545778728471051e-01
3.431115923910971199e-01
5.164618047175478788e-01
4.269144236237991663e-01
2.729104862768281237e-01
1.910697970068221396e-01
-9.479133067974160332e-02
-2.368268915442435230e-01
-4.593363322601140553e-01
-4.260858083615142178e-01
-4.403612258040870975e-01
-8.183862972681046344e-01
-2.006801148871410589e+00
-1.325293623153440681e+00
-1.413670976676485447e+00
-2.624717994408901633e-01
-8.542754581525063839e-02
3.475008666662616763e-01
2.254606000361295548e-01
3.748151964832450167e-01
4.154345455406837084e-01
5.396241354826422087e-01
5.310090834934181325e-01
-1.238335926267278841e-01
7.370956275908124855e-02
-5.496463153995279072e-01
-1.050348756912714565e-01
4.416450573790168255e-01
-4.432275164375603649e-01
-1.038891747446001768e+00
-7.852216119702880581e-01
2.354742267889745611e-01
4.959987416060543941e-01
-4.065699960855517769e-02
3.174968776984766761e-01
1.964147936844055087e-01
3.199269460702243162e-01
6.439296390003627080e-01
5.783089330041467635e-01
9.401229138639438654e-01
4.843221297023164729e-01
7.859453954633698336e-01
8.297566070717740105e-01
1.048700079035314037e+00
6.861413001909432152e-01
5.590644564932477634e-01
5.864163501205200690e-01
8.384196570843415186e-01
6.297942613418870961e-01
5.543878137180112686e-01
7.386231367358416788e-01
8.312152200510322109e-01
7.463339008668542496e-01
8.674812073274836832e-01
8.238182339178442559e-01
6.648248844971499372e-01
3.298014590440826455e-01
9.899767498202262095e-01
-7.117455012480335963e-01
-9.632329594482590407e-01
-8.644979913504355906e-01
-2.068402791877902436e-01
-1.456320434280812259e-01
1.023872742916688283e-01
4.379667540333108677e-01
9.507280208072133032e-02
6.140292806668780079e-01
4.724617251521118222e-01
5.841327292115497949e-01
7.398625541954036988e-01
7.970389272646972723e-01
3.501364456831507210e-01
1.637355791940467986e-01
-7.953926857006632378e-02
-4.967703065992607470e-01
-7.761266014584345951e-01
-2.206184389626920872e+00
-1.932088308826507284e+00
-1.547553312037809325e-01
-1.505502106545314689e+00
-1.906448058314630600e+00
-7.119041632866861535e-01
-5.018935643808516422e-01
-1.174491789040497558e+00
-2.198473519632275774e+00
-1.639422902813400640e+00
-6.571381889378509200e-01
-2.923050519523686108e-01
5.747769433885796531e-02
-6.820064412827664402e-02
7.740437863314286737e-02
-3.978650026585037747e-01
-5.548370833070096486e-01
-1.376896430971930041e-02
4.022413566563391996e-01
5.173411812969791468e-01
4.833049127851304361e-01
5.843438653780265168e-01
5.858835331880601904e-01
4.748336896739014934e-01
4.908712370714715112e-01
6.294411732574700657e-02
3.584857153251618245e-01
-2.732975606049312667e-01
2.021554336087233450e-01
3.441645251736979993e-01
4.021353611250200188e-02
3.290537003913355241e-01
4.755815523951733015e-01
4.247404244507672066e-01
2.671027589778024458e-01
6.572709771812544899e-01
5.051067297192538552e-01
3.269503363508896587e-01
-4.823895383980103535e-02
3.902728666600119301e-01
-1.114584239448270786e-01
-5.907473961125664363e-02
1.894035070607580362e-02
-1.293466943377785672e+00
-8.775272510441219920e-01
-1.151129234614671759e+00
-2.149495740129351962e+00
-1.279586431454590389e+00
-8.464687580188249294e-01
-1.202743201741922618e-01
-2.132217076483143181e+00
-1.021234287351429959e+00
-7.070219840322986560e-01
-1.836670238281492562e+00
-3.992456446087210287e-01
1.643710413329091402e-02
-2.596123854298737488e-01
-2.631391935537705229e-01
-6.887053179358848531e-01
-8.976634013870454787e-01
-8.629154333784017084e-02
-3.171074429722112176e-01
-7.997035207613786278e-01
-1.492917353834001482e+00
-1.038853411963679196e+00
-1.302506889867620643e+00
-3.382361044735263111e-01
-1.912382064440861562e+00
-9.469253832395549964e-01
-1.174211201556618178e+00
-1.310165610771466760e+00
-4.532538715662065565e-01
3.595432479719382624e-01
4.827637817427333777e-01
6.604900776186465317e-01
7.977598505002635454e-01
4.535960485867037706e-01
-3.725600122812596227e-01
-9.692052698015780621e-01
-9.649086450024162431e-01
-2.579844639829307895e-01
7.095360307849966075e-01
7.379876050728900738e-01
-4.424525746050687047e-01
-4.520306161565322833e-01
-3.366896415510189922e-02
1.854165509092235986e-01
5.733573992121455687e-01
7.647056543750964108e-01
6.884978994919882522e-01
7.080978661517097761e-01
2.910500871942410805e-01
2.212237086035478972e-01
-1.998221808638124264e-01
1.672261950709307277e-01
2.701516261094343285e-01
5.695261480566941037e-01
-6.383108647112034628e-01
-6.076091883821927997e-01
-1.947875220151818465e-01
-2.312233303128660711e-01
-3.012658923520806775e-01
-6.112124202445262666e-01
-1.273532659940056266e+00
-8.576571116323790100e-01
-2.796411981837174654e-01
-4.152571701721786690e-01
1.624693810942802186e-01
2.120829661346582684e-01
1.158073080075505690e-02
-3.085741034076627809e-02
-4.789753876823921730e-01
-5.082349404570680740e-01
-7.872479658895362720e-01
-6.026203046559326371e-01
1.665679383105956868e-01
3.696511450520836295e-01
4.802327342829049162e-02
3.687153390151289845e-01
2.734404744136770260e-01
8.286773350387421910e-02
2.684116674066009400e-01
-6.951218040555142696e-01
-5.706231639407444156e-01
-1.586494567743856887e+00
-1.772678505206267907e+00
-2.209421585785586561e+00
-8.173261833741204407e-01
-1.706884543583430780e+00
-5.653482764955735096e-01
2.393805789592663436e-01
4.401581847099110822e-01
5.505486771384505706e-01
1.298103703721658064e-01
2.909893354661577947e-01
-6.123663461766841731e-01
1.546600341586502614e-01
1.332194101312330625e-01
5.381160060410222767e-01
-5.622524762213947369e-01
-9.962107918589377942e-01
-1.523197065661914262e-01
-4.331259857774799604e-01
-1.517027360484735077e+00
-9.309832644442823657e-01
-8.999842896189114150e-01
-7.679018371274091148e-01
2.654609915022251299e-01
6.902297702076801711e-01
7.642227194921086264e-01
1.688632099265742204e-01
-2.131899343183804030e-01
-4.859699738168485883e-01
2.263273961939173962e-01
7.944014833259605002e-02
-7.447011969257054664e-01
-4.913269751879218994e-01
-4.758294069275520455e-01
-8.474922499941754950e-01
-2.990220961736818617e-01
-3.656803870538472001e-01
-4.702526085243020626e-01
-9.813857345821616063e-01
-2.159896488499972289e+00
-1.749247927434051775e+00
-5.780091414518906401e-01
-3.340942396485381272e-01
-6.098951244239418923e-01
-4.518036271287722005e-01
-2.807170638091219805e-01
-2.555609785449538540e-01
-2.625784420525428264e-01
1.011448312038585318e-01
-4.800580837096271036e-01
2.102025345001079515e-01
2.160261875086556538e-01
4.189460427628355355e-01
4.211337122710318015e-01
2.012328813611797829e-01
-3.035522730796538227e-01
-5.682738507885976009e-02
-3.995083261886357429e-01
-1.222965059297590029e+00
-2.983435448634245146e-01
-4.296731879369046769e-01
-5.875310715503803127e-01
5.067279012919179149e-02
-6.473842806114489257e-01
-5.565984725181788439e-01
1.052167641437871115e-01
7.629042775267648180e-01
8.116113060795416834e-01
7.077265878077013683e-01
6.977938547378091938e-01
2.752738500275698774e-01
-2.109656610607253402e-01
-7.442099785599831652e-02
-2.190474959142950651e-01
-4.946988962681224677e-01
-4.856739942734867865e-01
2.944974437535885503e-02
4.668170881117731374e-01
2.892986693649125529e-01
-4.327722821678606779e-01
-3.040849550597811701e-01
-1.140669240411187335e+00
-2.367128646527439706e+00
-2.213957628627885033e+00
-2.312551985242856656e+00
-2.165253959860701016e+00
