2.441319315417112001e-02
8.027770388976862570e-02
-3.808015892697922400e-01
8.889933105363012622e-03
8.351379510678758056e-02
8.969733678553482026e-02
-2.166287511034186153e-01
1.887585556858700775e-01
1.259391903386558598e-01
3.187527909171523621e-01
-4.077650531120540212e-01
-4.897141860459962581e-01
-1.642075681190413583e-02
4.632835105183331637e-01
-1.409186607119587986e-01
2.762372291272203739e-01
4.983057200505905948e-01
5.063298477909866646e-01
4.237671865334081689e-01
5.194114087772666588e-01
4.238272277022993029e-01
4.020334502006376320e-01
5.297885990863585581e-01
4.880459025471369783e-01
5.559939521656548367e-01
4.265914739586064153e-01
7.216344020921842128e-01
1.205148940453352191e-01
2.329803581126158596e-01
1.261744327020092316e-01
-1.541459933188777942e-01
4.180192949723294804e-01
2.792146168110627436e-01
3.662731748310831259e-01
4.824614696398862312e-01
2.563289570928607430e-01
4.692584075652822539e-01
2.417399969851661279e-01
3.243812196165380968e-01
2.154636856546177093e-01
3.301312306889031545e-01
6.275595421272580632e-01
2.708211188044915563e-01
3.749458890776902198e-02
2.096472192786039690e-01
-5.420043175513367117e-02
1.199809332110978177e-01
4.900690498320864341e-01
3.469239327532106509e-01
5.035853147696106591e-01
6.809450118701493304e-01
6.684349078244627984e-01
3.465380792536654209e-02
4.613225778055639603e-01
2.273367209861665295e-01
3.689393016977483564e-01
2.733273791392881735e-01
-1.379160032978676842e-01
6.017220801200099389e-01
3.746757503558298952e-01
2.708271494262198820e-01
-2.395436498551311022e-01
-2.102612926619308320e-01
-2.333947868766612643e-01
2.004260063573208850e-01
-2.966382111038907698e-01
-4.980884743605029641e-04
-2.261665097556830872e-02
-3.840895771429791994e-01
-2.868326181352621740e-01
2.671422854872863573e-01
3.740576609291049737e-01
9.133568918653134361e-03
-3.503178418688013274e-02
5.190659887086147561e-01
-1.314686550585780767e-01
2.559310218846007068e-01
4.314791796876377150e-01
4.745200234712468879e-01
5.270732940777304032e-01
5.530296863900804327e-01
6.201101362671120887e-01
6.073377320138614310e-01
3.964837651681337727e-01
6.096907786046067423e-01
6.582384520431167063e-01
7.697248291346378002e-01
6.709958143357238614e-01
6.151710597707024109e-01
6.049606859102817369e-01
6.939051148955169834e-01
4.373830999857425406e-01
5.220002081736591082e-01
4.667133156084536383e-01
-2.065361660713246339e-01
8.958943656578166603e-02
5.005910038704434184e-01
6.248171643021352972e-01
6.705957912401437904e-01
7.365012015453503702e-01
7.796533349973447935e-01
6.507457255582383970e-01
6.354963579191915679e-01
3.967806024517125385e-01
6.097356168603776938e-01
6.377345462674636201e-01
8.230580384089446477e-01
6.734880997448594586e-01
7.519667541042142078e-01
5.894612976707890306e-01
5.869087762217951587e-01
6.481655646044234276e-01
6.608896566596907940e-01
-4.720744579674398533e-01
-6.948263290536845771e-01
-5.001473258840783975e-01
-5.138030427836995928e-01
-2.337548007806483641e-01
-3.272075186383491818e-01
-1.579612484264900640e-01
2.765783867749294078e-02
8.021260549560182973e-02
-2.999604439570158210e-01
3.436667851536315821e-01
1.108423439698082991e-01
1.917958846565459563e-01
4.179901409583363092e-01
6.070407286577254036e-01
6.044880606691486191e-01
3.216018021743788369e-01
6.706612565550579275e-01
8.309470009338230101e-01
7.164983212653083244e-01
6.226763379840284385e-01
6.608764434791355447e-01
7.091228133344572582e-01
3.966573390415094602e-01
5.271442963401281601e-01
6.531483755764820875e-01
3.664506531381760412e-01
7.900328467340905769e-01
-7.354682815456267120e-01
-8.622085534037668975e-01
5.183426192124968024e-01
5.683508609376682896e-01
-1.009964016007054877e+00
6.039198758869966932e-01
3.437407261012472848e-01
4.823076377489906585e-01
-1.854424999001942798e+00
-2.263784691868756749e+00
-1.405355346152363794e+00
-5.999953280153560442e-01
-1.116073090384538169e+00
-2.839146118021591558e-01
-2.903948849831202716e-01
-1.306079114375175765e+00
-7.811617064373008734e-01
-4.699640349217385493e-01
-3.545265668912027657e-01
-1.660703888675600037e+00
-9.839423448725642674e-01
-1.781113737913189166e-01
-5.156283359184665738e-02
-2.669621916331158529e-01
2.001756484448327100e-01
3.547350282463517246e-01
5.759914502537185621e-01
6.450655902025020927e-01
6.123463663206468732e-01
7.900245000724358535e-01
4.481891117670245839e-01
4.100508439895801382e-01
8.077333263274365516e-01
6.785419318877040640e-01
3.553021228490147454e-01
6.578943954381731851e-01
6.859864544273047704e-01
1.624870337781754159e-01
7.391397847981880931e-01
5.660603444513437887e-01
7.670419420518704845e-01
6.938079217773603924e-01
-4.481661192659305293e-01
3.907219738141490817e-01
3.522281778692498699e-01
3.963584681612480898e-01
-3.031353909038566607e-01
1.139303124455243177e-01
1.621190424632953375e-01
2.732285813370052274e-01
6.069547653921386621e-01
3.882448820414056145e-01
2.619594665466743466e-01
4.370741459631489745e-01
1.201620942627082966e-01
-1.123044619911416353e-01
1.530676213225676818e-01
-7.838566654333026795e-01
-1.873519758516711819e-01
-4.964987510626476253e-01
-5.137561452294792108e-02
4.393088313933072309e-01
-4.383733517631525078e-01
-8.342633601829263501e-02
4.927118560812360215e-02
7.130555613751902166e-01
2.759952953447466495e-01
6.574514278267827860e-01
1.131053037036684916e+00
-8.002503922261050562e-02
-2.574907397731113212e-01
-1.701895643430317850e-02
3.122820780489985459e-01
-1.481623355341975534e-01
4.897372708933641627e-01
5.810794618620279683e-01
3.879390503548202362e-01
6.220870134927350970e-01
2.989994308455362626e-01
5.086480285728490758e-01
6.453425961594855265e-01
-3.734578257733507378e-01
-2.006570593685793824e+00
-1.291572702362934200e-01
5.985154436276142187e-01
-3.831293372772559547e-02
3.326349229822043174e-01
-3.823869052557826720e-02
-2.833513106366951639e-01
-5.374197728249043848e-01
-1.183877113585213525e+00
-1.855126127915519341e+00
-1.355880454505862698e+00
-9.671078774018274649e-01
-6.407811701127714699e-01
-8.623854589142316840e-01
-1.193044029811500817e-01
1.256814326231172618e-01
2.672520412794009426e-01
2.415441107509973540e-01
3.046118716270543869e-01
-1.674005621130567611e-01
-1.125384870748015631e+00
-1.398910732644125243e+00
-1.210056796608038887e+00
-4.971069538967145540e-01
-2.173372303820065854e-01
-6.506273482136299968e-01
-3.778704163345496525e-01
1.885201643387670600e-01
4.017307717043726578e-01
-5.097784478769384897e-02
1.710720702674987104e-01
-1.089107367993419562e+00
-1.417151794009876564e-01
-1.154456091000723994e-01
3.987763742154083468e-01
-2.834978734212239004e-01
1.257510917597902678e-01
2.787501386368574918e-01
2.503134283182029129e-01
6.909671543717680331e-01
2.272038111129851545e-01
5.882271259360905002e-02
7.339083826941076305e-01
9.862174011461398715e-01
4.453888741059818246e-01
5.478954304700970335e-01
-2.250021807405322427e-02
6.119254223595623765e-01
-3.399532791140429389e-01
6.192358379804707713e-02
8.334633307937489022e-02
-4.858274566440649034e-01
-5.956430599634900958e-01
-1.642066996140900681e-02
-5.751516492254736823e-01
-8.449804571189849511e-01
-1.016689787214072993e+00
-1.385482974452841853e-01
-9.999640893458571211e-01
-8.146289697288114917e-01
-8.757347011402827341e-01
-6.095295818915483776e-01
-1.092682796009796675e+00
-2.771091751211574028e-01
-7.064885675201137971e-03
1.377873822557129646e-01
-1.134969568947029384e+00
6.449557936313932149e-02
-4.555677596353459036e-01
3.380514819120945536e-01
4.476821383988628389e-01
-5.717827491848648247e-02
3.577780248891246906e-01
2.848984183800041814e-01
6.402759695705363407e-01
6.887588408315862276e-01
6.532878953660595789e-01
1.354873841438710702e-01
4.719139794750645267e-01
4.045590514730490472e-02
-6.707749839533999614e-01
-1.196797820406221291e+00
-1.810638984702106491e+00
-1.203823826683728448e+00
-2.301578771041604909e+00
-4.019773208748795845e-01
-2.409391716502732095e+00
-1.184704106053376726e+00
-5.961804917135591353e-01
-8.351828746664895498e-01
-4.422950980890327788e-01
2.583363518733786668e-01
1.198577877902275990e-01
4.716002236830522110e-01
2.735977223012401316e-01
2.992439742313488527e-01
2.097121504042626094e-01
-1.346114351544337451e-01
1.887465882394708805e-01
4.369244507367332497e-01
5.087014178451844115e-01
5.323061019190703513e-01
3.465908856524180237e-01
-1.934221402106959253e+00
-9.605955902981527794e-01
-5.280614121142001016e-01
-2.228656794064697522e+00
-6.068683849493864413e-01
-4.187904176042714921e-01
-1.678876754708470420e-01
3.182416032381092386e-01
4.395625016123921869e-01
-4.280374715690596910e-01
2.036171286381219803e-01
1.860158048026938626e-02
2.589092080322275002e-01
4.983380853457330950e-02
5.266762842470640305e-02
-4.777270417218471010e-02
2.270206228838692608e-01
5.188793335623073100e-01
1.946621134052360924e-01
5.709685629155744069e-01
6.122813530644283242e-01
2.560090812381908831e-01
4.208512573124402190e-01
2.270395469148374090e-01
4.581151483886555242e-01
-9.905980550161630482e-02
3.494932404229506018e-01
4.955006377628158321e-01
-6.638557791643192596e-01
-1.418071741233778438e-01
5.218903345731051857e-02
-5.001062452815754344e-01
-3.136999868474015241e-01
4.122279927297544111e-01
4.929129884933739492e-01
-7.696813659772858696e-01
-1.316663565329723173e-01
3.714982528683025143e-01
1.829644145298590097e-01
5.554736390379170219e-01
3.188295305848668493e-01
2.504170158532476043e-01
-1.378464537699067849e-01
5.736113830264352176e-01
1.342294286201695996e+00
4.117817115229804870e-02
1.386417370604271504e-01
6.252064816661816460e-01
5.765514832983514859e-01
5.971139955916570097e-01
6.021976838515775698e-01
7.647990625239934337e-01
6.380843919742186232e-01
-7.290701747042482861e-02
-4.688299754525571128e-01
5.883290721495149089e-02
4.208383110301349150e-01
4.290007943336634488e-01
6.226255373442138863e-01
-9.491018606260448465e-03
5.061812345349302467e-01
6.661163392452383869e-01
3.250045572057769228e-01
5.065053082463703005e-01
5.587849254677715871e-01
1.478304510855150689e-01
1.477109459656538171e-01
1.833221111960995353e-01
5.219942153416615715e-01
-6.123567768057376348e-01
3.157988061354688458e-01
4.983526115482109775e-01
3.414650420714295809e-01
3.938023609545401316e-01
2.457834541621339852e-02
-9.662522267267577014e-01
-1.974383727689424939e-01
3.040322652459485075e-01
5.447740255721399416e-01
-2.900377258627896415e-01
1.378753820060928392e-01
1.320607789662280318e-01
5.885084889597169688e-02
-1.512983865088693092e+00
-1.138922327032476645e+00
-1.323366880773173548e-01
-1.385523009295022145e-01
2.295635751678776204e-01
2.556585941662818939e-01
5.132858142484139075e-01
2.959726073981491234e-01
1.140140996198016898e-01
-4.178947946217363985e-01
-1.609117882014346801e+00
-9.656331833679987486e-02
-1.156158178192837616e-01
-1.709454388677245085e-01
-1.301945190927765061e+00
-1.257999568198714835e+00
-1.519243122879294638e+00
-9.501808443529522474e-01
-6.235286075149087948e-01
2.952958411250841131e-01
-8.975372116387159149e-02
-4.689915077271402666e-01
-9.962625959083158955e-01
-1.063334853870416152e+00
-1.779018738270927713e-01
1.346267655836196342e-01
6.751109976785986122e-01
6.345747048046851413e-01
4.477367044593113521e-01
4.717385184916321750e-01
1.546633587902823681e-02
4.343605061325247485e-01
-3.806190783736980165e-01
-2.934245373745261176e-01
-2.202524688393990848e-01
1.506747368433536405e-02
5.213976561463905535e-01
2.616102565382584233e-01
-4.792731955018125767e-01
-1.090055927803370572e-01
4.124774787448234337e-01
5.991368462873057910e-01
7.721769006058939455e-01
8.773761848932789542e-01
7.091284861042327359e-01
7.092918608253327983e-01
5.403880410362064124e-01
4.955365252621161121e-01
7.060347665965057695e-01
6.883168095207344850e-01
4.396568143128475326e-01
-1.046229410347849331e+00
-1.486513427033567591e+00
-1.013787968435163611e+00
-1.017163556831653937e+00
-1.829160426302836040e+00
-1.312043676769888645e+00
-4.257070915214382634e-01
-1.177737142121460412e+00
-7.261658071155570049e-01
-7.568221727456412307e-01
-8.724021483208984629e-01
-1.938763424943002800e+00
-1.423290197125947731e+00
-4.087068388655860085e-01
-4.524816999435071763e-01
-1.157578788251631963e-01
-1.092655504997106730e+00
-6.817352738082924635e-01
5.132868347616170723e-03
-7.080699439279647400e-02
1.941960758273807430e-01
3.297029482566060654e-01
-2.251242518164775497e-02
-1.754138620259820591e+00
-3.680288310858912393e-01
1.072072193231945469e-01
2.526572245837257480e-01
-1.481134384845799179e-01
-2.368512059467676734e-01
3.324561705509343490e-01
-4.587554517438466872e-01
-8.332360250297077275e-02
3.961302488045937986e-01
2.784997131896471689e-02
2.730632266272945419e-01
6.375959156343468104e-01
3.937281797143904472e-01
5.350080603286909708e-01
5.583453452218171131e-01
5.558757057719222461e-01
7.647622617753168095e-01
1.416636162468631888e-01
-1.032784146001505476e+00
-3.475031026464929784e-01
-3.569010524765370285e-02
4.122545171171002609e-01
1.562438783208643933e-01
-5.478958990819838837e-01
-3.609200605859537170e-01
5.237863962869319101e-01
3.685060521447958148e-02
5.680331580649730094e-01
5.503006265914472950e-01
-1.543898742346112574e-01
5.082975236914838435e-01
4.017696830544271736e-01
6.958820760340659328e-01
8.487563532936112098e-01
8.929405179936257264e-01
6.125717563531646315e-01
6.481125386022462687e-01
7.064307721673529494e-01
4.429123915379454823e-01
-2.212421455109592205e-02
-1.464677667243844850e+00
-8.994365028293207498e-01
2.175649730111941516e-01
4.284248256435539970e-01
-1.512943212740927912e+00
-6.647087453973634652e-01
-5.312049431916248121e-01
-1.777930454934032456e-01
2.412074320964362473e-01
3.213423973533812150e-01
-1.571644323667015231e+00
-1.844965060641443610e+00
-3.748934579812751577e-01
-1.417081346707390388e+00
-5.414123369720236223e-01
-1.235724480602285347e+00
-2.142626598644083113e+00
-7.370076433648271585e-01
-4.768678229256363421e-01
-1.069948236668256669e+00
-3.007088244904254637e-01
7.995305093673887864e-02
-6.099500362121201835e-02
-5.511124439750784143e-01
-7.047696727043206710e-02
3.074760720512415002e-02
-1.536556922881748166e+00
-6.371556075967103050e-01
-3.982382284799108607e-01
-5.036117223101926887e-01
2.030422517261928350e-01
-6.369062087397109329e-01
-1.826229289251546373e+00
-7.433583799000621495e-01
-1.779840115775428444e-01
-5.377221456335272709e-01
-1.320207595567227665e-01
2.208353585582852885e-01
-1.144966892785287182e+00
-1.106077026376657724e+00
-1.992591221366402099e-02
4.468984453904584209e-01
3.295168855956430720e-01
1.916558043047703608e-01
-1.676292743181476697e-01
-9.294513307422231918e-01
-7.363933786285117300e-01
-3.580315717296211897e-02
1.135955079107233701e-01
2.527027133343723309e-01
4.258206761919630656e-01
-3.470378818488678574e-01
-1.089435894695256479e-01
3.657054936708085124e-01
2.760204239796378856e-01
4.420821538256408667e-01
2.815302454701449353e-01
2.090735656437743284e-01
-4.148141416717348040e-01
-1.807922313801555436e+00
-1.563472654597962030e+00
-4.870648703624629317e-01
2.579486745663922553e-01
2.100734578519669604e-03
-7.907861209583411100e-01
-7.738345797954113703e-01
-3.107987928291789936e-01
-5.141412702350616204e-01
2.376852200156777117e-01
4.173353815099548614e-01
-2.373673965813243303e-01
1.969738355396566387e-01
-1.009920596712191809e+00
-1.289152008630952695e-01
-2.769838067184495767e-01
-8.790592063909093978e-01
1.224851730762496205e-01
-2.867409189070689868e-01
4.472583560164721250e-01
4.847620545166405615e-01
6.322989182691648447e-01
1.263172719159674218e-01
-3.345434195072161110e-03
-1.072705484112620455e+00
-2.369819450875160216e-01
9.228817946687251084e-02
2.440911419328841703e-01
3.184288988153670674e-01
8.001481288653766732e-02
4.173444345830966684e-01
-2.406128047885566446e+00
-1.498998075253192841e+00
-1.870831988769903198e+00
-1.691671914703329005e+00
-1.321366288552133117e+00
-8.082468553523143306e-01
-9.468147632689272175e-01
-1.965788175978891328e+00
-8.184064982844753144e-01
-8.317534980080768525e-01
-8.452780015577738837e-01
-1.373976544924609744e+00
-9.734179129887879922e-01
-1.254761359967331069e+00
-1.203595545593081351e+00
-1.635134764485288272e+00
-4.425345865573538928e-01
-7.416552045743762811e-03
5.233731388869121703e-01
3.463657381817966119e-01
-4.621964867918488817e-01
4.324238601330088194e-02
2.095066817235128331e-01
1.711584732142371612e-01
1.680998402252281698e-01
2.773323844375641389e-02
2.238081706861339004e-01
-6.395291320898466303e-02
-6.451747231952520423e-04
2.614622736993936769e-01
-2.867926766123120030e-01
-1.542444408060922090e+00
-2.014551666456790624e+00
-1.469033957436077564e+00
-1.757397072895833023e+00
-1.178020825773721247e+00
-1.036942132890763091e+00
-6.542910943939872492e-01
-1.222919635365066648e+00
-9.600474108575369758e-01
-3.746635987400499523e-01
-4.152335442274920352e-01
-1.177596007217233565e+00
-9.634234588380233832e-01
-7.910520620810634895e-01
-2.623087463645601414e-02
-2.104602969801663281e-01
1.197238036760208679e-01
-1.708031109280183646e-01
1.259725211877259499e-01
1.017914436038479531e-01
-7.459080314206177897e-01
-1.480326868315792188e-01
-1.058785562613948628e-01
1.349061477209599902e-01
-1.609175555651390921e-01
2.731274335157063415e-01
-2.135407897278674971e-01
2.005128185240042660e-01
3.354734405156121202e-01
-1.056763371970724785e-01
1.828227262509611872e-01
2.760761461890388624e-01
2.675128249279217219e-01
-5.100301956804195180e-01
-3.000716581402512739e-01
2.141575251518668122e-02
2.844479215092134972e-01
4.446916336835106121e-01
5.165086350811923799e-01
9.271070076349186007e-02
4.447016940209477243e-01
9.268267762732596005e-02
6.093393278431237237e-01
5.112530253188355411e-01
2.813305004028887613e-02
4.665885132595942730e-01
1.262457348365593202e-01
-4.518999165163329890e-01
-2.935291953342679117e-01
-1.444809485662184478e+00
-1.947020028637143074e-01
-5.037656480396855985e-01
-1.713483342335481163e-01
-1.156697140628014653e-01
-3.270458296152605193e-01
-8.483680447116709322e-01
-5.754467391716074909e-01
-9.431015585983661964e-01
-6.750907006012474287e-02
-5.647316515386938685e-01
-7.047331448145521815e-02
2.843413165840408263e-01
2.989107827304615661e-01
2.904778147556140722e-01
3.606169371924269340e-01
3.245448077434541778e-01
2.504763047866888082e-01
2.876694991183759154e-01
5.397703623478321555e-01
5.373000531320345496e-01
6.121923218545078926e-01
6.783338997997186981e-01
4.584950806611459706e-01
-8.600895040852984952e-02
4.181411749761064778e-01
4.797896684369785669e-01
1.873953265755168296e-02
-1.597470847390070059e-02
-1.541678007056275224e-01
2.328379020068702676e-01
-4.484816371436050053e-01
-1.545279722167745007e-01
4.313796009220738359e-02
1.107517973731252381e-01
-8.549628046821385885e-01
-1.318685636806576911e-01
-5.133575280522517659e-02
3.295627701398814446e-01
3.042864443567824262e-01
4.233087386013759668e-01
3.632690889114139621e-01
4.795615273406889090e-01
3.659741056346942356e-01
2.818062682235557004e-01
-1.913330828494708147e-02
6.517068815492321754e-02
-8.685500580642463442e-01
-1.058342270811305497e-01
4.287941334336525800e-01
6.812698094985591979e-02
-4.386142306422675663e-01
5.263797694039961117e-01
2.756699096407411176e-01
5.031905035310330065e-01
4.449312627555833677e-01
4.849639377282134456e-01
9.597599048351457274e-02
2.791978725807572337e-01
-2.497509743270536209e-01
-1.748529998270890395e+00
-1.283550063555808363e+00
-4.732420764075254693e-01
5.215324483515004772e-02
-3.868974201254993250e-02
1.973163523333555380e-01
4.940175579309258325e-02
-1.808320532244707124e-01
-3.810184548137640625e-01
-5.449915682659800531e-02
1.380051035500323708e-01
1.410079597782688543e-01
-5.817842807667016336e-01
-9.057718432673873554e-01
5.528352335892650071e-02
-9.292978986717814749e-02
1.349388316483116634e-01
2.817094056438799177e-01
1.769087596419171016e-01
2.211199004780873834e-01
2.846864412367626773e-01
-1.737674436666517330e+00
-1.626774147412926474e+00
-1.483641998786277227e+00
-2.408289817140224498e-01
-3.307297695092147327e-01
-6.677637368089444081e-01
1.075360635521871444e-01
2.614173149865802737e-01
1.977148639838878230e-01
-3.450729969003418773e-04
-9.269017790964850789e-02
-2.399818716874592139e-01
2.701387574262322788e-01
8.632557756494452228e-02
-4.215852894681632046e-01
2.120997314797523625e-02
-4.250106453572032317e-01
-7.085579767157950126e-01
2.839276291805670205e-01
-6.163066055559650591e-01
-5.273236184577816399e-01
-1.679966875783577285e-01
-1.660852000655271166e+00
-8.524590310604499566e-01
-4.528599937278219301e-01
-9.338702724227287977e-02
-1.906710365767491089e-01
8.618410615815963460e-02
7.104487254045244171e-02
2.815783968724846487e-01
-4.793141236589977261e-01
-3.573604650659627513e-01
3.376154843421563800e-02
3.700226260898442643e-02
5.265683824810255542e-01
-2.267542643709717920e-01
-4.455504910630347926e-01
1.256890157931910279e-01
1.975193643197790117e-01
4.124117581076326422e-01
3.632271644723999993e-01
2.211639652443381232e-01
4.556067529363626578e-01
4.981500851503103400e-01
6.529794745809042178e-01
4.290386077274280785e-01
2.677084819254021975e-01
5.374841509731426159e-01
5.088151141884583728e-01
5.114044153176201535e-01
-2.218310152902847054e-02
4.769875883547348705e-01
2.904993255400686314e-01
3.937337524848526504e-01
3.634684907528505926e-01
2.762761001651145021e-01
6.151479785808100509e-03
3.272248135431976568e-01
4.288788289149340072e-01
1.711485697863407429e-01
4.771107523367118519e-01
-7.639562144936540289e-02
1.049001275129588517e-01
2.212104281546574125e-01
-1.313445805497448493e-01
3.577851160423832777e-01
4.397255759167387756e-01
3.047078106664534713e-01
3.987656624415697459e-01
-6.709723038573967013e-02
-7.670667328851532574e-02
1.497010686864338469e-01
-2.008111183481673390e-01
-1.251479284861152452e+00
-4.561650286783485164e-01
1.251466663480823582e-01
-1.068574974376290676e-03
-1.563415816094089639e+00
-1.487825622822597227e-01
2.496395130110473648e-01
-9.619615639630130222e-02
1.885474702786601453e-01
2.615679681800205936e-01
9.550041621223748223e-02
3.464148884812171536e-01
-6.811337280918765558e-01
-6.881950318292459068e-01
8.000585784617131324e-02
1.044949250186688605e-01
3.295212823766388022e-01
2.817840802692199720e-01
-2.966692946796841701e-01
1.619854794110429097e-01
2.558717242522011714e-01
-7.835491753311777385e-01
-1.637783450163479149e+00
-1.099548629546218237e+00
1.374093863226882872e-01
-5.775969543621539692e-02
-5.121958696410022771e-02
2.385865370680065878e-01
3.354410973350845371e-01
-9.263296416669353217e-02
-1.228750767007367406e+00
-5.173242846148398133e-01
-1.908195854048044815e-01
-1.295780389657831266e+00
-8.694849071844812372e-02
1.468397751753599545e-01
-1.840735809465702255e-01
1.588675394713774391e-01
-1.631254468582621353e-02
4.651202868777004618e-02
3.907828933207598832e-01
9.585953648801825988e-02
2.819229540044183580e-01
-1.378863706134421108e-01
2.503077999564603529e-01
-2.863859003836954908e-02
1.710995238903922910e-01
-7.341487411934743967e-02
2.783935846474672182e-02
8.965876213657375526e-02
-5.306036200562228577e-01
-1.026551816614456714e+00
-1.953815379639818772e+00
-8.864300700779741415e-01
-1.438577301019126287e+00
4.829567329847295198e-03
-5.857749917510752802e-01
-3.575883647765536466e-01
-2.303885370508058639e-01
-2.635136362005705557e-01
-5.545895152606324929e-01
5.853190551172482436e-02
1.378230857687101629e-01
5.570778375293528040e-02
-9.191550921108376793e-01
-2.534942821568842986e-01
2.443046588089370363e-02
-3.640558017763348975e-01
-1.770256049105821461e+00
-4.526923014857032745e-01
-1.223972350222405359e-01
-6.163128328695958169e-01
-2.936076807970909863e-01
-1.462197814093653792e+00
-1.251828271457370967e+00
-8.319325282553570178e-01
1.191482818268990718e-01
1.800833121666645109e-02
1.945864988839929310e-01
4.581587426255594453e-01
5.400335299417898804e-01
5.710982158489766869e-01
4.343186536982160950e-01
4.822335556192970385e-01
7.211714536153689403e-01
-3.534651504802986954e-01
-5.436535023235522512e-02
3.099700391048885173e-01
7.640305786745026362e-01
6.248905967314205556e-01
5.888810538007637208e-01
4.822123750466663639e-01
7.210093515262238073e-01
9.029681904259377889e-01
5.840108909252627045e-01
6.197210446488384816e-01
8.380183098909210759e-02
-3.167051398078185587e-01
5.851856914423714251e-02
-2.170012579120299545e-01
4.632627422081730950e-01
5.757715683640399762e-01
5.006540522783334835e-01
2.446783928553878384e-01
6.145505487299885994e-01
5.711785684221762915e-01
5.113244712477148513e-01
1.201854960723840460e-01
2.473448944644813796e-01
4.341507541435715156e-01
-2.067318781850865372e-01
3.213471359363611057e-01
2.123620628023868973e-01
3.270380830449368670e-01
5.138975325263747118e-01
5.685739251624349899e-01
-9.928459646925175131e-01
-1.076519937893290368e+00
-2.472376111226686213e-01
-1.092816228394144273e+00
-7.160640808410662084e-01
2.028247495201448425e-01
-2.270114819270779849e-01
1.499299023318289015e-01
4.285581657777487452e-01
4.555508782576790372e-01
5.007060881233938998e-01
7.362193117791907548e-01
6.248727016725582617e-01
1.007734391321298606e+00
4.260818006836563088e-01
-1.079347740344862139e+00
-4.663068791679703118e-01
3.178811248841217907e-01
3.238209668669054242e-01
3.876586604473458708e-01
3.128983954120461153e-01
5.136450301688700870e-01
4.981720996980542049e-01
5.581093630971519781e-01
-4.777767206363370267e-02
-6.983397958442058018e-01
3.659254900362829410e-02
5.314757932343875391e-01
3.492429026242965806e-01
6.245243077843972701e-01
5.707183821203426488e-01
5.707993404684862382e-01
2.094832792066047000e-01
5.034099202587397626e-01
4.209170897469932671e-01
4.259592688072625366e-01
6.476577550442673692e-01
3.184850653449693425e-01
1.289622472049557489e-01
1.913626271342496743e-01
9.689278181850445870e-01
1.007338425042463292e+00
1.051836576989901850e+00
9.727110718748154250e-01
4.936466862418947832e-01
6.713701801003958414e-01
2.011886056104729148e-01
6.607072581571801217e-01
5.115800802358064781e-01
7.950858292566390650e-01
6.835242431409415120e-01
8.359497330727302389e-01
8.774407168472521112e-01
-4.278141726760235075e-01
6.298561332330995244e-01
3.217632873542988214e-01
2.591847824120905308e-01
4.022659263111516559e-02
2.209247979582767973e-01
3.408615427428319800e-01
1.828762172083573390e-01
-1.739345204456854699e-01
-1.089257579301152745e-01
3.740945901421951492e-01
-1.910935604485666239e+00
-1.053775662925880763e+00
-3.176355094536971180e-01
-2.174773768532393126e-01
-7.707734027385126918e-02
4.015017328953615072e-01
3.242430758708513272e-01
3.686002217447533758e-01
-1.566261454117802376e+00
-1.454313176399775198e-01
-5.208194712104564639e-01
-5.174259090316158938e-01
6.134214741381849301e-02
3.956364525726746573e-01
5.084305232350673220e-01
1.382090876319679307e-01
-9.928009566713558165e-02
-1.052949784892599272e+00
-4.048184106063201781e-01
3.675299316357949486e-02
-1.285590691230895644e-01
8.008652603853549934e-02
2.700639511961641093e-01
3.852161721150336726e-01
3.714323573053054384e-01
-1.512758484385661184e-01
-6.875575677452672174e-03
-8.788851740588531358e-01
1.435364438013270183e-01
2.469216043774296043e-01
-4.725356151584138020e-01
-8.076986112121198325e-01
6.764924145647621678e-02
1.317402029711909339e-01
9.857550109786861192e-02
-9.794374239742910104e-01
-1.079535121399751274e+00
2.293795046475313182e-01
2.787730142928511734e-01
-9.427417408660903053e-01
-5.379048247138571437e-01
1.103194094878899856e-01
1.046175875561669022e-01
4.660727951340030151e-01
2.386138655855502000e-01
-8.682901018751199018e-01
-4.185319728238534598e-02
-2.070905787960037880e-01
-3.269216013660081188e-01
-1.142001938685435203e+00
-1.224644817888302928e-01
-1.288324547110401008e-01
2.954223451012307766e-01
2.928977909420573678e-01
4.147599485235243799e-01
7.054010880050328725e-01
2.817169926363215504e-01
6.551146844995182628e-01
5.630657327794336142e-01
4.424016643227274281e-01
5.969498965112608468e-01
1.013339642683899200e+00
-2.391126992834978759e-01
4.555988511423892939e-01
-9.054214691610590338e-01
2.061292171799937734e-01
-2.903691704303581478e-01
4.336786345179374225e-01
6.510094731054327788e-02
-6.436223575257501439e-01
2.745131633315478492e-02
-1.250751819071078685e-01
-1.937138180708743995e-01
2.210345782788933899e-01
-2.433248519940710564e-01
6.246172032005344876e-01
6.277404625417851713e-01
-4.208902369097308194e-01
-6.811402929146029850e-01
-1.444016780210202189e+00
-1.125685053949583736e+00
-5.721597155516476851e-01
-9.633225233412285871e-01
-5.164562324595478593e-02
5.846083020535919328e-02
2.728307006387336031e-01
2.501856593412268293e-01
-1.638804162746024806e-01
-4.148059568123116936e-01
1.198078041253041182e-01
1.229136449112357976e-01
-3.977586683823836067e-01
2.844785115830317235e-01
-2.532493819334488139e-01
3.464317701316538267e-01
-1.926700413614068630e-02
2.847774484654284066e-01
-3.134370605839386092e-01
-6.539013610066761739e-01
-1.350915759540461947e-01
8.334241658126639862e-02
1.440307108351033261e-01
2.211493912057297395e-01
7.058362921262332224e-01
5.450029791853495675e-01
6.095781519496837886e-01
4.451278162163688767e-01
6.071291486486850575e-01
3.691539033005780679e-01
3.384297571683274608e-01
3.272765788022384825e-01
2.563018966980566971e-01
5.087400195997463515e-01
3.743023043215643053e-02
1.651090108153823177e-01
-1.238325765131950806e+00
-3.875730758836093415e-02
-9.363100865144501350e-01
-2.106792249084368240e-01
5.856692053073520032e-02
2.442032397847602176e-01
8.333399534208629778e-02
4.256553151047081096e-01
2.353619685641086257e-01
3.211538457807203706e-01
3.465472135287591682e-01
5.603939715751976580e-01
2.122863594535626675e-01
8.628354246464009503e-02
4.283558021093242241e-01
6.191755824913173223e-01
5.576883773180999482e-01
6.244589319310448472e-01
1.206188232064608901e-02
6.551215033982106251e-01
3.660813835903141689e-01
7.313442788255756222e-01
7.238581808135625684e-01
7.771435443212878491e-01
5.221419801219978618e-01
-3.398701164299290367e-01
-5.852924666352405936e-01
-2.669226524177640281e-01
-3.034826832694639265e-01
-2.296186891188356505e-02
1.526730995278765546e-01
3.212238432202921823e-01
6.679355846026963084e-01
6.733682401745061386e-01
7.723189391332386800e-01
4.239519270401027606e-01
2.275367864043142951e-01
4.182453097951089882e-01
4.397974546474846536e-01
5.296811119810583834e-01
1.770789615809134077e-01
6.247360833395768642e-01
3.273096372167645374e-01
2.849242619079985772e-01
3.992422030035714942e-01
-4.143716088801847608e-01
8.635989100996643852e-02
1.946480673132986450e-01
-5.406513773160289693e-01
1.735925097514325888e-01
-5.775981786379902339e-02
2.762963983241706334e-02
-5.647258815449002212e-01
1.227536432032004798e-01
2.673023124595630406e-01
4.180028796343037145e-01
3.690538217923574615e-01
2.154556632038748809e-01
-1.022231270615450160e-01
2.037053643843722561e-01
1.799642828175653797e-01
-4.898133257219318137e-01
-8.925334151682239314e-01
-7.226475715992792814e-01
-6.884236912933293651e-01
-4.594050499205551974e-01
-4.213959194679706144e-03
1.475843465747228578e-02
2.956033382394659403e-01
4.633322620727918784e-01
5.965333618993556852e-01
6.932003526989306552e-01
6.068989798722711493e-01
3.550030433829692855e-01
3.659137728498466080e-01
2.240904002729792177e-01
2.473288731465500545e-01
4.633196951988031165e-01
4.015150094218130628e-01
-4.780467489531370351e-02
4.953729637184839385e-01
4.582403007565089004e-01
6.373882227055137628e-01
7.210503778184250701e-01
4.424125927610155218e-01
1.948162418917894767e-01
4.369100308411887346e-01
2.905278152763483002e-01
5.139799864719264422e-01
3.993081919498641108e-01
6.842085161527589054e-02
1.141889828328856993e-01
1.592949945565366177e-01
1.110533856027647870e-01
-5.235861241612806971e-01
-4.149624200719456146e-01
-5.453783056427385922e-02
-2.005580630103152018e-01
-1.059071481699781492e-01
3.071946779947257733e-01
2.091947111997264352e-01
5.318084350808670591e-01
2.358450907686064912e-01
-1.705528763266040970e-01
7.109890524381279331e-02
-5.203532130339012518e-01
-6.850026060144117634e-01
-3.609047446099160616e-01
1.176734528716905093e-02
6.476382474742525819e-02
1.916719773484550915e-01
8.335871363947211510e-02
5.583645381231783222e-02
3.907576844332220078e-01
4.930167997753357456e-01
2.735050681971147313e-01
1.261961397687074715e-01
2.905449400352189127e-01
1.168544789031904507e-01
2.414390460738282673e-01
-4.723048129239459936e-01
-1.057741171152606352e-01
1.529746182635203233e-01
2.094977716727325356e-01
2.794517913401972642e-02
-4.248160741490341064e-01
3.905884469575268136e-01
1.474497122983984276e-01
5.867234741874932658e-01
5.089124656084279552e-01
6.176117992093740350e-01
5.997015820622771942e-01
4.641242545870875036e-01
4.021928121086336683e-01
4.747453508815430157e-01
4.772583104890993910e-01
4.289963969575666392e-01
-3.506685089416112344e+00
-3.507338144877447661e+00
-3.500736268612555158e+00
-3.505159170342848185e+00
-3.502367689818471241e+00
-3.504547598218521909e+00
-3.494131126623633676e+00
-3.502090278550517688e+00
-3.499187663157675932e+00
-3.487659388264810367e+00
-3.495997921895934724e+00
-3.475509771309603035e+00
-3.450189076168291624e+00
-3.467073591777788177e+00
-3.474042135720675883e+00
-3.499101976447204443e+00
-3.503742405292610052e+00
-3.495340826248888089e+00
-3.494354936728785610e+00
-3.493197838912193376e+00
-3.486147241672596486e+00
-3.476500727354941311e+00
-3.501966765518933489e+00
-3.503027854890173209e+00
-3.468731166210314409e+00
-3.499489225795129776e+00
-3.471925439427769433e+00
-3.469493771159439799e+00
-3.497459885888637210e+00
-3.442068121863417041e+00
-3.479992403618129782e+00
-3.503830024191036507e+00
-3.506062643752670294e+00
-3.504163757472257945e+00
-3.500034326645645066e+00
-3.503020070340026937e+00
-3.482779366556024048e+00
-3.473423950644821456e+00
-3.489523594256639161e+00
-3.485704756839972607e+00
-3.472513489955364463e+00
-3.492218394582934593e+00
-3.501380264903293238e+00
-3.502012504145342930e+00
-3.502275706306626546e+00
-3.502252014282217996e+00
-3.502878054637112104e+00
-3.502098258278032006e+00
-3.497747652864238166e+00
-3.492133119069669611e+00
-3.489626939518400306e+00
-3.495388880683555577e+00
-3.499640931257719689e+00
-3.495977538388573169e+00
-3.419512003394940436e+00
-3.377348728667008082e+00
-3.469377891210236431e+00
-3.497952145127402268e+00
-3.479867937669093969e+00
-3.488577109542244870e+00
-3.500843102219304281e+00
-3.501862530054363098e+00
-3.503644548315377083e+00
-3.503412924857527422e+00
-3.501179144386679987e+00
-3.480086807875293786e+00
-3.443378159238595693e+00
-3.495109873061297723e+00
-3.497597353261869380e+00
-3.458526683763959664e+00
-3.446659105627239317e+00
-3.425091870782066561e+00
-3.384813621881616275e+00
-3.375345096187595928e+00
-3.449759084458540848e+00
-3.447956828983213651e+00
-3.444272355377326456e+00
-3.459953627544902321e+00
-3.478959425890628676e+00
-3.495441672556695689e+00
-3.501214935445012166e+00
-3.486811691293203452e+00
-3.477391122186270778e+00
-3.444898759416855416e+00
-3.477326325885467639e+00
-3.467371196622613727e+00
-3.494215846118856383e+00
-3.496800221056239888e+00
-3.481617253895993080e+00
-3.499357990746100544e+00
-3.466584561752300786e+00
-3.496587228932583891e+00
-3.501727653483817093e+00
-3.473661205320629719e+00
-3.465016394435251890e+00
-3.473092729731766415e+00
-3.484654616999961707e+00
-3.470067794360911950e+00
-3.412465365518928984e+00
-3.450811920848237513e+00
-3.472045940370147576e+00
-3.493629628864282299e+00
-3.492034160345120153e+00
-3.502241038815164131e+00
-3.498835856170327663e+00
-3.496986120811820697e+00
-3.465135611166283436e+00
-3.499497226520534188e+00
-3.501877045457631787e+00
-3.504207463945262280e+00
-3.503915474861776680e+00
-3.495066085840220715e+00
-3.464053499066678476e+00
-3.428822939896116750e+00
-3.505076300944767187e+00
-3.500466313152353681e+00
-3.508550635170451404e+00
-3.508629495106822205e+00
-3.508601497482647602e+00
-3.508265245650050712e+00
-3.508427579386166340e+00
-3.507948753329605651e+00
-3.508069341964239030e+00
-3.505081129443219812e+00
-3.507026453588900416e+00
-3.508321114264518314e+00
-3.508335157503897239e+00
-3.508075876925613290e+00
-3.508123737474964976e+00
-3.508110291467317676e+00
-3.507270241329715432e+00
-3.507918258424471247e+00
-3.507734540665207401e+00
-3.506971948609326262e+00
-3.505018933625003275e+00
-3.503239890740185380e+00
-3.488555976028900218e+00
-3.502089875591951174e+00
-3.490641347774866787e+00
-3.488092183459063911e+00
-3.498771056381062561e+00
-3.507153692884252383e+00
-3.507509262777054992e+00
-3.508028008658770514e+00
-3.507043912031623467e+00
-3.507850292155960226e+00
-3.508255125401608332e+00
-3.507767310816494621e+00
-3.506489375650990503e+00
-3.505072610398187738e+00
-3.502302643722897013e+00
-3.501901477124834905e+00
-3.506638312752666131e+00
-3.504603986783932257e+00
-3.499692367185063713e+00
-3.501742726033041375e+00
-3.495819827987593609e+00
-3.480764177425796913e+00
-3.491445607487769109e+00
-3.498702215962510298e+00
-3.503953169472034279e+00
-3.499268252954070846e+00
-3.487819322481134243e+00
-3.487289319629727657e+00
-3.506082483990432763e+00
-3.506836701154338432e+00
-3.506791664307985279e+00
-3.503937578655453855e+00
-3.496703755928826318e+00
-3.507139119726053522e+00
-3.506054364735954554e+00
-3.507123742024710111e+00
-3.505841347519094597e+00
-3.506661795995897002e+00
-3.507294871622713472e+00
-3.507592499272896180e+00
-3.506378334419508302e+00
-3.507571107440263791e+00
-3.507463642617586697e+00
-3.507401348160644527e+00
-3.507591481709400050e+00
-3.507431564902694809e+00
-3.507293433846109032e+00
-3.506804839369144666e+00
-3.506215857892895471e+00
-3.500135104515329054e+00
-3.503701072837978270e+00
-3.494850383032640284e+00
-3.498519110428745638e+00
-3.495872155333933584e+00
-3.499887303785810921e+00
-3.500633058774093698e+00
-3.505473649296217520e+00
-3.501872117617553570e+00
-3.496203358859332422e+00
-3.494278320528976245e+00
-3.472842275332130857e+00
-3.489740531374462051e+00
-3.500867312181706659e+00
-3.491739304140623723e+00
-3.492736337544841696e+00
-3.483003997146885133e+00
-3.492533584094037469e+00
-3.497368207106833271e+00
-3.498309470986181058e+00
-3.495856988375475982e+00
-3.496767070452371229e+00
-3.492931625438514320e+00
-3.496139094746193443e+00
-3.489687117112470371e+00
-3.491671191140676811e+00
-3.489741327510559987e+00
-3.485368140290708183e+00
-3.451222097928779320e+00
-3.404583475625986733e+00
-3.329908895907880861e+00
-3.421015270465177061e+00
-3.423627041281388728e+00
-3.452729388667793220e+00
-3.474201896468700479e+00
-3.485907167456907096e+00
-3.488986737469777832e+00
-3.494196563718870774e+00
-3.489807478222648029e+00
-3.498285324424240894e+00
-3.494969089154781550e+00
-3.487938330170350820e+00
-3.491273715145766232e+00
-3.479836680729601284e+00
-3.481636443366886713e+00
-3.491574378817569713e+00
-3.489663846125948599e+00
-3.481900617810792298e+00
-3.474399182663308938e+00
-3.491719782704374442e+00
-3.454232333251388010e+00
-3.466910240433400681e+00
-3.483603739920917430e+00
-3.486176447938198919e+00
-3.465053672524623263e+00
-3.472025844561315022e+00
-3.472395383902545873e+00
-3.473723408030347848e+00
-3.477062033202221070e+00
-3.479009560498552478e+00
-3.477249761510246007e+00
-3.482243374971145666e+00
-3.479938054384307033e+00
-3.450966819737091740e+00
-3.460217787638789844e+00
-3.350867441654946433e+00
-3.409803614150869855e+00
-3.467062713572093724e+00
-3.486859982520955192e+00
-3.484079870301640014e+00
-3.488385330185837852e+00
-3.485841633309227028e+00
-3.457577406710991230e+00
-3.468582888524106345e+00
-3.488551530177847582e+00
-3.480044723131197060e+00
-3.460999518379790363e+00
-3.457120051961914520e+00
-3.398007058159787430e+00
-3.253761561316665052e+00
-3.138586317061987430e+00
-3.429008649139876574e+00
-3.477165579401924500e+00
-3.477473016509102344e+00
-3.441403184160308104e+00
-3.212733460075665626e+00
-3.508663974281118314e+00
-3.508667352824758279e+00
-3.508643923836202827e+00
-3.508630233040368029e+00
-3.508598620578552207e+00
-3.508561002578676646e+00
-3.508525661755569125e+00
-3.508455277124983507e+00
-3.508383568975594002e+00
-3.508353580288875673e+00
-3.508271462308133248e+00
-3.508279811287266625e+00
-3.508196403333649460e+00
-3.508040459181626325e+00
-3.500012708140510131e+00
-3.445952737482376627e+00
-3.359903499251946091e+00
-3.256437596739294893e+00
-3.102216012430162984e+00
-2.975180988542658334e+00
-2.734633321023820507e+00
-2.565415894177468292e+00
-2.544832776922301587e+00
-2.371793709549180118e+00
-2.339769504990492077e+00
-2.456975404545199027e+00
-2.550182651019741176e+00
-3.260419002142532108e+00
-3.358400738190629120e+00
-3.147030876229564456e+00
-2.805501329309796787e+00
-2.501519007986439558e+00
-2.138170182517256546e+00
-1.762400114988866839e+00
-1.820868076409372094e+00
-1.459231636813913768e+00
-1.447022101379912939e+00
-9.562699276627107947e-01
-8.481065929239985923e-01
-9.325133526539296502e-01
-1.108700466347501523e+00
-1.326868201237619616e+00
-1.568892976448584609e+00
-1.729771122493082736e+00
-2.171157631315739245e+00
-2.122775673809323749e+00
-1.908884154746416595e+00
-1.821324684058897247e+00
-2.030844166133606965e+00
-1.831788231966646752e+00
-1.510423146217308332e+00
-1.370989884708698536e+00
-1.009971557598589031e+00
-9.532128439735324532e-01
-9.463011016670637154e-01
-7.905328449793405099e-01
-7.803579660619293090e-01
-1.019836961575138590e+00
-5.443802705736728864e-01
-3.170125248832156295e-01
-2.799927573746208154e-01
-2.499950515378761562e-01
-2.233851927685747141e-01
-5.887344419904256831e-01
-1.938041225924712618e-01
-4.801961386661124376e-02
2.268937878634278427e-01
3.017611093958723067e-01
3.439120411053646631e-01
2.068768692462400471e-01
2.244348682899685032e-01
4.983785051426462553e-01
3.386856877569753843e-01
7.164061350248903670e-01
7.517900330755894478e-01
-3.131596754031962249e-03
8.307612030134438053e-01
6.631088530599408282e-01
6.529652102455149043e-01
6.352262719095959076e-01
9.670855624985653654e-01
1.140334334982341158e+00
1.080463661768376493e+00
1.382474046207413210e+00
1.632273544299803980e+00
1.208529415431083720e+00
1.645658260529866634e+00
1.052479011864455583e+00
6.738275591514933938e-01
6.048842919376090643e-01
6.608579906772248380e-01
8.385520637429545454e-01
5.739299054223986341e-01
9.377943834452074912e-01
9.115042627666497532e-01
1.317606704351736102e+00
1.046929747327658866e+00
9.384646861261828343e-01
4.298581077529913808e-01
-7.107399212162466284e-01
-3.397697553163109063e+00
-3.263987188625854241e+00
-3.190409041409233648e+00
-2.747105664425290250e+00
-1.749308813728716938e+00
-1.099916347142982254e+00
-1.003880909998205340e+00
-6.099251364107619588e-01
-4.493912777204848163e-01
-3.072453269753229188e-01
-3.877966258989118398e-02
-3.474019165344703897e-01
-2.170650203997614991e-01
-4.284951113566440872e-01
-1.709778382462027180e-01
-6.723313800934682671e-02
-2.534778280272911299e-01
-4.080817439346914322e-01
-2.336509242294551036e-01
1.409333250138258276e-01
1.708184363837841335e-01
1.515898533254766978e-02
1.649961086621674067e-01
1.887656627318218261e-01
4.529570878341971918e-01
5.502331250290076747e-01
6.909771497749265246e-01
7.366048798939192066e-01
5.789521456969405344e-01
6.733291289176667194e-01
8.643852525419811750e-01
8.028033934860722143e-01
7.089076741450922592e-01
6.150275624943507546e-01
6.709957974197283681e-01
7.343002105037760296e-01
7.216910657003797747e-01
6.710700162363923971e-01
8.439909683226357595e-01
6.431721633691102058e-01
8.080725827688240992e-01
8.543131329235024163e-01
8.959307116062639187e-01
6.813274854850054352e-01
6.356092126738105419e-01
8.465212794795747842e-01
-2.760771007064592997e-01
-5.199442571199988095e-01
-5.649263836242456316e-01
-1.908936736236792608e-01
-2.571360694791069434e-01
-9.321232697594128425e-02
2.000528813636579528e-01
1.043768274491868597e-01
4.818045742386282138e-01
3.795278926042758849e-01
6.067844428327765494e-01
8.616364576968155164e-01
9.322881446000651495e-01
9.564707786938716483e-01
3.994625244279538245e-01
4.693421997200079021e-01
-5.397860046879310314e-02
-5.917861754326178003e-01
-2.689341079215555652e+00
-2.433023750919704575e+00
-1.627042187676956075e+00
-1.757592230862007554e+00
-3.153028339285407267e+00
-2.686561547412575024e+00
-2.079949906452252861e+00
-1.540463450772385112e+00
-1.891426841584971541e+00
-1.951468906852156238e+00
-9.773470264544353858e-01
-8.694752219721981756e-01
-4.803075757078313357e-01
-2.275508349564593358e-01
-2.341567184593763562e-01
-6.817493535161314178e-01
-7.091589330683493175e-01
-2.606087738869252712e-01
1.010417963488702275e-01
2.235767493825440155e-01
3.377612717206234239e-01
3.932080920824155834e-01
4.123183027299867076e-01
4.474133848893014909e-01
4.873960822675017512e-01
1.768498820275444805e-01
2.005875971516422052e-01
-1.632227269783304013e-02
1.199107785204538423e-01
3.212128955539307329e-01
3.685399945789070708e-01
4.259198285779756121e-01
1.710557759388542376e-01
3.989398252900610009e-01
1.770369819352788365e-01
6.553372290358666641e-01
6.069422664870988138e-01
4.954818683346730035e-01
2.903417336747124988e-01
4.098038744897553043e-01
2.959310860659888354e-01
3.044241001318622741e-01
3.128565210337493907e-01
-1.462792576593117344e+00
-1.007212018549104471e+00
-1.386646394776536173e+00
-1.813619707368058886e+00
-1.200821421808951239e+00
-7.846125977987001843e-01
-5.144067543289299049e-01
-1.741236872122629453e+00
-7.675316302365453591e-01
-8.627430222724928877e-01
-1.537281930992682177e+00
-6.957677719021214680e-01
-4.495529391276712472e-01
-6.101033278727301390e-01
-6.374073499875048121e-01
-8.929969368938103225e-01
-6.956125102586571129e-01
-3.041562376416777624e-01
-7.433724321225833043e-01
-1.066719414628720664e+00
-1.405037081438266888e+00
-1.271042793906001389e+00
-1.324636307307236471e+00
-8.117013799514508632e-01
-1.644040483429773936e+00
-1.057058760852462420e+00
-1.245646971118368640e+00
-1.438648256290718574e+00
-3.312063764816691736e-01
3.787972366561568327e-01
2.580211070710262122e-01
5.444836912986233957e-01
5.500322760274788392e-01
6.753584372280486692e-01
-2.002199645113105220e-01
-7.836497729683454816e-01
-4.420356995774822328e-01
2.353239453502736778e-01
5.240481111918083856e-01
3.575138366143564284e-01
-6.845340841610284555e-01
-1.415569187267330387e-01
2.585098760489271674e-01
2.986663630730779229e-01
7.820362158050727652e-01
6.350342599999624360e-01
7.772186737649989796e-01
7.189167371956780572e-01
6.912905227509164030e-01
7.115666649037902802e-01
6.988703350538384429e-01
6.787314422211242482e-01
6.915188022250285949e-01
4.829125355139342046e-01
-5.366161992138486214e-01
-1.967492943342945555e-01
2.417331144889066641e-01
4.234754613423451497e-01
2.330150405955379034e-01
-6.294787471453007210e-01
-2.364820809259864376e+00
-3.223720934219566292e+00
-2.389539175798848891e+00
-2.291891073790436106e+00
-1.711187372005832596e+00
-7.812659362829906806e-01
-1.893737273279902489e+00
-1.365112771841835881e+00
-1.267783325548261564e+00
-1.132489242117272310e+00
-1.623929969165690324e+00
-5.654287943062316080e-01
-2.140982045658138544e-01
-2.738418612684472286e-01
1.675727182818073091e-01
4.392307816323423042e-01
3.407634439294504602e-01
5.682903663035335784e-01
1.290028184750587892e-01
-8.446806536495991002e-01
-1.970867234233536491e-01
-1.314482283590657774e+00
-1.748702740385780885e+00
-2.081776382158133654e+00
-5.619561779422794778e-01
-1.652213579154524048e+00
-6.781769027750750300e-02
3.008369539608921617e-01
5.236220055258634654e-01
4.604692059288640893e-01
3.350932727912602216e-01
2.987107132992394831e-01
-6.085291899691669393e-02
2.673037341845994064e-01
4.766149534340727856e-01
3.685556145155416408e-01
-5.614679440735902416e-01
-3.169356157448682820e-01
3.239419214751938503e-01
-2.734709081940881470e-01
-1.440981950283616531e+00
-6.129644863955008294e-01
-1.289574215729261564e+00
-1.975381041162066476e-01
1.405298082895428680e-01
8.275442917289487221e-01
4.094285407843326619e-01
-3.527883844918022760e-02
-6.264987547393253697e-01
-4.930360172549865805e-01
2.354040743119536483e-01
-3.270341335036910380e-01
-1.646318617731286071e+00
-2.739201653870393383e-01
-1.485456880448015049e-01
-1.086347361984916660e+00
-4.168820363183001199e-03
5.507277092137863317e-02
-9.061079495964375896e-01
-2.291691091093848609e+00
-2.627046417030906245e+00
-2.932028105057315148e+00
-2.311627416786931732e+00
-2.019259553302719112e+00
-2.140753595670905618e+00
-2.098180617480112087e+00
-2.040395030910804763e+00
-2.052097960452329062e+00
-1.970913905743113759e+00
-1.522432738076421543e+00
-1.850030492801536308e+00
-8.692835715170551536e-01
-1.122520040281856923e+00
-5.276541270139440964e-01
-4.526194613070266826e-01
-5.650689144819012188e-01
-8.552934907561565714e-01
-7.327829930218138221e-01
-1.076325859116856076e+00
-1.913631679117535178e+00
-8.046301959777018009e-01
-1.155055689828456078e+00
-1.352314041639416153e+00
-9.332067170339303219e-01
-1.404770303341090987e+00
-1.273908094321807516e+00
-1.016836407034617640e+00
-9.650540672850971280e-02
4.446512555768414865e-01
3.822973307600933124e-01
8.973127879902531578e-02
9.586639550639552976e-02
-5.029024542137457976e-01
-7.118455251934163730e-01
-5.545583018285799026e-01
-8.483502890429468479e-01
-8.213202688861440670e-01
-3.641669745604343422e-01
-2.169969547011475486e-01
-2.334440024634572008e-01
-6.195492912360592852e-01
-5.238680734849198162e-01
-3.309245376388855853e+00
-3.338551478367989489e+00
-3.278571601450047446e+00
-3.203133769454730384e+00
-3.106493688547775189e+00
