4.086960554122924805e-01
3.383336365222930908e-01
1.054941788315773010e-01
3.178483247756958008e-01
3.103586733341217041e-01
2.593961954116821289e-01
1.257966905832290649e-01
1.962897628545761108e-01
9.168185293674468994e-02
3.948713541030883789e-01
-4.086669385433197021e-01
-3.228845596313476562e-01
6.833717226982116699e-02
8.555231243371963501e-02
1.040643900632858276e-01
3.339621126651763916e-01
4.398418366909027100e-01
3.571231365203857422e-01
4.024096727371215820e-01
4.894260168075561523e-01
5.284938812255859375e-01
4.901056885719299316e-01
7.104825973510742188e-01
6.325084567070007324e-01
5.730311870574951172e-01
5.677744746208190918e-01
7.533318996429443359e-01
5.061549544334411621e-01
5.604314804077148438e-01
2.178392410278320312e-01
2.110623866319656372e-01
4.507746100425720215e-01
3.945509493350982666e-01
4.351207315921783447e-01
5.235419273376464844e-01
4.064697325229644775e-01
5.075190663337707520e-01
3.860025405883789062e-01
3.944379985332489014e-01
4.972440898418426514e-01
4.603824615478515625e-01
6.383315920829772949e-01
5.650376081466674805e-01
3.339068591594696045e-01
3.288501501083374023e-01
1.272615045309066772e-01
4.558992087841033936e-01
4.356917738914489746e-01
5.189284086227416992e-01
4.771686792373657227e-01
2.811723351478576660e-01
3.593929409980773926e-01
-7.483004778623580933e-02
4.407242536544799805e-01
3.889505267143249512e-01
4.267403483390808105e-01
4.807513356208801270e-01
2.385588735342025757e-01
4.725557565689086914e-01
5.254364013671875000e-01
6.111462712287902832e-01
1.295938044786453247e-01
1.152425780892372131e-01
1.014338135719299316e-01
2.060620635747909546e-01
7.268662750720977783e-02
9.526365250349044800e-02
-2.056235447525978088e-02
-1.672333329916000366e-01
-4.212908074259757996e-02
1.995898932218551636e-01
-4.406618699431419373e-02
9.875796735286712646e-02
1.079222634434700012e-01
3.383881151676177979e-01
-8.729510754346847534e-02
3.300590217113494873e-01
4.409676194190979004e-01
5.352615118026733398e-01
4.425345361232757568e-01
5.323574542999267578e-01
6.207447052001953125e-01
6.221797466278076172e-01
4.302236735820770264e-01
5.821788311004638672e-01
8.382190465927124023e-01
8.757010102272033691e-01
8.841254115104675293e-01
6.618206501007080078e-01
7.516923546791076660e-01
8.528319597244262695e-01
5.773746967315673828e-01
5.449457168579101562e-01
7.783190608024597168e-01
7.613103091716766357e-02
2.533175051212310791e-01
3.969412147998809814e-01
5.678603649139404297e-01
6.897271871566772461e-01
5.012760162353515625e-01
5.968844294548034668e-01
7.147151827812194824e-01
8.291510939598083496e-01
5.422094464302062988e-01
5.178570151329040527e-01
7.683427929878234863e-01
9.060086607933044434e-01
7.926187515258789062e-01
8.652940392494201660e-01
7.308291792869567871e-01
7.106865048408508301e-01
7.403341531753540039e-01
9.299210309982299805e-01
-1.693085283041000366e-01
-4.398863017559051514e-01
-1.844406276941299438e-01
-1.824442595243453979e-01
-4.258251190185546875e-02
6.611970067024230957e-02
2.035573869943618774e-01
1.528764963150024414e-01
2.624476514756679535e-02
-6.216941773891448975e-02
2.621745169162750244e-01
1.074815616011619568e-01
1.284814178943634033e-01
4.253169894218444824e-01
4.847389757633209229e-01
4.955718815326690674e-01
4.843831062316894531e-01
8.844569325447082520e-01
8.330478072166442871e-01
9.854117035865783691e-01
7.660038471221923828e-01
8.979647159576416016e-01
9.575368165969848633e-01
5.820235610008239746e-01
4.489124119281768799e-01
9.361376166343688965e-01
5.811752080917358398e-01
8.175926208496093750e-01
-7.293991446495056152e-01
-1.035652399063110352e+00
1.715861409902572632e-01
4.526941180229187012e-01
-1.014075160026550293e+00
4.292663037776947021e-01
2.131586968898773193e-01
3.477194309234619141e-01
-2.063649654388427734e+00
-1.934309601783752441e+00
-1.167687416076660156e+00
-8.858027458190917969e-01
-1.451723575592041016e+00
-1.146915197372436523e+00
-1.235374689102172852e+00
-1.262056350708007812e+00
-1.028288483619689941e+00
-1.346683382987976074e+00
-1.115240335464477539e+00
-1.935431599617004395e+00
-1.345502614974975586e+00
-4.206469357013702393e-01
-9.246790409088134766e-02
4.444567859172821045e-02
8.279144763946533203e-02
5.871831178665161133e-01
4.000088870525360107e-01
6.884757280349731445e-01
6.628115177154541016e-01
7.959477901458740234e-01
7.328754663467407227e-01
3.643813133239746094e-01
8.029634952545166016e-01
8.759344220161437988e-01
5.813358426094055176e-01
6.467076539993286133e-01
7.807138562202453613e-01
4.315987825393676758e-01
7.642011642456054688e-01
5.164768695831298828e-01
8.738254308700561523e-01
9.102641344070434570e-01
-1.258292943239212036e-01
5.596840381622314453e-01
6.053895950317382812e-01
6.322795152664184570e-01
1.104637607932090759e-01
3.054321110248565674e-01
3.925383985042572021e-01
5.117694735527038574e-01
5.823848247528076172e-01
6.311599016189575195e-01
6.205375194549560547e-01
5.008511543273925781e-01
2.255674749612808228e-01
-1.749695837497711182e-02
1.865060329437255859e-01
-7.774686813354492188e-01
2.885734848678112030e-02
-3.668075799942016602e-01
2.688398957252502441e-02
1.471843123435974121e-01
-3.577727079391479492e-01
-2.639302909374237061e-01
-1.517175734043121338e-01
-1.003190353512763977e-01
-2.260118164122104645e-02
-1.951040178537368774e-01
-1.529969088733196259e-02
-8.082417249679565430e-01
-6.999651193618774414e-01
-3.138728141784667969e-01
6.238643825054168701e-02
-1.180251985788345337e-01
1.232531294226646423e-01
3.238769769668579102e-01
3.081554770469665527e-01
2.420267909765243530e-01
4.792647063732147217e-01
4.549019038677215576e-01
7.404806017875671387e-01
-1.008567288517951965e-01
-2.180094003677368164e+00
-4.660688340663909912e-01
7.057567685842514038e-02
2.086375504732131958e-01
7.063648104667663574e-01
4.418273568153381348e-01
-3.004818409681320190e-02
-2.121483236551284790e-01
-9.478051662445068359e-01
-1.883416175842285156e+00
-1.604508519172668457e+00
-1.144166350364685059e+00
-6.666142344474792480e-01
-8.265309929847717285e-01
-1.919318884611129761e-01
-1.016063764691352844e-01
1.898988932371139526e-01
2.786629796028137207e-01
3.873356282711029053e-01
-1.581262946128845215e-01
-1.090489864349365234e+00
-1.474344372749328613e+00
-1.273637771606445312e+00
-7.916200160980224609e-01
-2.997135818004608154e-01
-7.426998019218444824e-01
-2.909907884895801544e-02
1.974965184926986694e-01
4.988914132118225098e-01
6.916854530572891235e-02
2.203631103038787842e-01
-8.257337808609008789e-01
-1.810484379529953003e-02
1.540699005126953125e-01
3.779576122760772705e-01
-3.409068286418914795e-01
9.567842632532119751e-02
3.167949318885803223e-01
4.520919919013977051e-01
7.545089721679687500e-01
2.326159775257110596e-01
-4.382345080375671387e-02
8.228611946105957031e-01
8.362948298454284668e-01
4.515311419963836670e-01
4.204299449920654297e-01
-9.156033396720886230e-02
3.924924731254577637e-01
-2.190524339675903320e-01
5.231721792370080948e-03
-1.408456861972808838e-01
-4.545623958110809326e-01
-6.533791422843933105e-01
-6.347510218620300293e-02
-3.280018270015716553e-01
-8.987199664115905762e-01
-9.893504381179809570e-01
-3.480075299739837646e-01
-9.368122816085815430e-01
-9.126031398773193359e-01
-9.816712737083435059e-01
-6.202973127365112305e-01
-9.538196325302124023e-01
-3.594255447387695312e-01
1.164332497864961624e-03
-6.742153316736221313e-02
-8.852738142013549805e-01
-3.765162229537963867e-01
-4.654038250446319580e-01
1.359336823225021362e-01
4.747276008129119873e-01
4.103459790349006653e-02
3.519370555877685547e-01
4.070803821086883545e-01
6.859729886054992676e-01
7.089753746986389160e-01
7.650067210197448730e-01
3.250335156917572021e-01
5.053952336311340332e-01
1.201764941215515137e-01
-6.225959658622741699e-01
-1.292566418647766113e+00
-1.760251641273498535e+00
-1.323322772979736328e+00
-1.898128628730773926e+00
-5.708603858947753906e-01
-2.362335205078125000e+00
-1.260372757911682129e+00
-6.218922138214111328e-01
-6.832367777824401855e-01
-1.344946324825286865e-01
1.708363294601440430e-01
1.789542138576507568e-01
3.124274909496307373e-01
3.847776651382446289e-01
4.165325760841369629e-01
1.670819073915481567e-01
5.449282750487327576e-02
1.092291995882987976e-01
4.174095392227172852e-01
4.900597035884857178e-01
6.292315721511840820e-01
2.655403017997741699e-01
-1.456835746765136719e+00
-6.294698119163513184e-01
-5.175187587738037109e-01
-1.856731057167053223e+00
-4.343028068542480469e-01
-2.899107038974761963e-01
1.398770362138748169e-01
1.749932914972305298e-01
-9.818404912948608398e-02
-1.950594484806060791e-01
-2.172252628952264786e-03
1.822196245193481445e-01
3.781715631484985352e-01
1.938944905996322632e-01
1.825062036514282227e-01
5.078230798244476318e-02
4.702368974685668945e-01
6.090874671936035156e-01
3.100636899471282959e-01
5.030663609504699707e-01
6.812916398048400879e-01
3.744156360626220703e-01
5.320769548416137695e-01
3.706763386726379395e-01
3.836312294006347656e-01
9.312614798545837402e-03
3.237445950508117676e-01
4.038654565811157227e-01
-5.277667045593261719e-01
-1.217712983489036560e-01
-1.568754315376281738e-01
-9.622395783662796021e-02
2.903762646019458771e-02
5.326938629150390625e-01
7.326726913452148438e-01
-3.182882964611053467e-01
1.809360384941101074e-01
5.403665304183959961e-01
6.417735666036605835e-02
5.595772266387939453e-01
5.302721858024597168e-01
3.452601134777069092e-01
-2.084138989448547363e-02
6.548200249671936035e-01
1.074603557586669922e+00
1.843683421611785889e-01
2.311048060655593872e-01
7.805883884429931641e-01
5.706390142440795898e-01
6.422683000564575195e-01
5.569583177566528320e-01
7.779216766357421875e-01
6.329907774925231934e-01
4.249577224254608154e-02
-3.210654556751251221e-01
9.760640561580657959e-02
3.662233948707580566e-01
5.511077046394348145e-01
5.510963201522827148e-01
1.233013868331909180e-01
6.173244714736938477e-01
8.546344041824340820e-01
4.331926107406616211e-01
5.962252616882324219e-01
6.464571356773376465e-01
2.006099075078964233e-01
2.131969183683395386e-01
2.010637521743774414e-01
5.198248624801635742e-01
-6.893848776817321777e-01
2.135900855064392090e-01
5.377126336097717285e-01
5.575602650642395020e-01
3.500337898731231689e-01
-9.611652046442031860e-02
-8.572080731391906738e-01
-3.044989705085754395e-01
2.092168629169464111e-01
3.551252186298370361e-01
-2.008376270532608032e-01
1.769169569015502930e-01
6.260839849710464478e-02
-1.190338805317878723e-01
-1.488409399986267090e+00
-1.184524774551391602e+00
-3.902556598186492920e-01
-8.080131560564041138e-02
1.990859359502792358e-01
1.206217557191848755e-01
-3.307666182518005371e-01
-1.264660656452178955e-01
1.351998466998338699e-02
-4.162805080413818359e-01
-1.696912765502929688e+00
-2.975220680236816406e-01
1.182688996195793152e-01
8.227697014808654785e-02
-1.002978682518005371e+00
-8.595435023307800293e-01
-9.707813858985900879e-01
-9.344411492347717285e-01
-5.144613385200500488e-01
-3.130642175674438477e-01
-8.540102839469909668e-01
-1.405016779899597168e+00
-1.485523700714111328e+00
-1.285910606384277344e+00
-4.434861242771148682e-01
-2.104063928127288818e-01
3.085584640502929688e-01
1.012995541095733643e-01
7.423712313175201416e-02
-4.825419187545776367e-01
-3.877598643302917480e-01
2.417766451835632324e-01
-6.828159689903259277e-01
-4.578732550144195557e-01
-1.269005239009857178e-01
7.353312522172927856e-02
2.981794774532318115e-01
3.756446242332458496e-01
-4.340434372425079346e-01
-2.792982570827007294e-02
3.946307301521301270e-01
4.731664657592773438e-01
4.972035884857177734e-01
4.905736148357391357e-01
7.681877017021179199e-01
5.881678462028503418e-01
5.731251835823059082e-01
3.510766625404357910e-01
5.559872984886169434e-01
5.834754705429077148e-01
3.061177432537078857e-01
-9.004879593849182129e-01
-1.422593116760253906e+00
-8.280873894691467285e-01
-7.200988531112670898e-01
-1.589846491813659668e+00
-9.794201254844665527e-01
-2.291478365659713745e-01
-6.763426661491394043e-01
-4.629004299640655518e-01
-5.034430027008056641e-01
-5.324770212173461914e-01
-1.769133687019348145e+00
-7.146598100662231445e-01
-4.353246688842773438e-01
-1.540418416261672974e-01
-4.652180150151252747e-02
-9.393559098243713379e-01
-1.012655258178710938e+00
-6.343211531639099121e-01
-9.890554547309875488e-01
-8.075363039970397949e-01
-4.641130864620208740e-01
-8.178212046623229980e-01
-2.051520109176635742e+00
-8.304862380027770996e-01
3.476368635892868042e-02
3.775526881217956543e-01
2.217000424861907959e-01
-1.536532789468765259e-01
3.083615601062774658e-01
-2.314203828573226929e-01
8.824433200061321259e-03
3.428424596786499023e-01
3.117265701293945312e-01
4.938153624534606934e-01
7.851998209953308105e-01
4.184563755989074707e-01
5.639498233795166016e-01
4.735613167285919189e-01
4.287690222263336182e-01
6.728748679161071777e-01
1.222185865044593811e-01
-1.242165684700012207e+00
-5.692780613899230957e-01
-3.056282997131347656e-01
-2.013768255710601807e-02
-2.994464039802551270e-01
-5.874297022819519043e-01
-5.062456727027893066e-01
1.444102078676223755e-01
-2.658646106719970703e-01
3.356147706508636475e-01
4.676572084426879883e-01
-4.357635080814361572e-01
3.995905816555023193e-01
4.826287031173706055e-01
8.181175589561462402e-01
9.995140433311462402e-01
7.903000116348266602e-01
4.925242662429809570e-01
5.941240787506103516e-01
6.637333035469055176e-01
3.368220031261444092e-01
-1.612349599599838257e-01
-1.978080749511718750e+00
-9.548074007034301758e-01
1.274036616086959839e-01
3.967548608779907227e-01
-1.598321557044982910e+00
-7.739716768264770508e-01
-5.722746253013610840e-01
-8.528644591569900513e-02
3.785944879055023193e-01
3.776952028274536133e-01
-1.856086254119873047e+00
-1.996669292449951172e+00
-4.848409593105316162e-01
-1.647588491439819336e+00
-8.840911984443664551e-01
-1.793825864791870117e+00
-2.383331298828125000e+00
-8.246611952781677246e-01
-6.706050634384155273e-01
-7.875200510025024414e-01
-1.544794589281082153e-01
1.949147433042526245e-01
2.472482770681381226e-01
-1.370193958282470703e-01
3.091890513896942139e-01
2.329702675342559814e-01
-1.718295097351074219e+00
-5.365447998046875000e-01
-4.083456695079803467e-01
-1.993076503276824951e-01
-6.579955220222473145e-01
-1.479481458663940430e+00
-2.205968618392944336e+00
-1.586321234703063965e+00
-7.955608963966369629e-01
-3.342838585376739502e-01
-1.873477101325988770e-01
-3.486620783805847168e-01
-1.755466699600219727e+00
-1.234402179718017578e+00
-2.951552569866180420e-01
-1.453443616628646851e-01
2.273635715246200562e-01
2.719380259513854980e-01
1.457297354936599731e-01
-1.277463197708129883e+00
-8.788726925849914551e-01
1.756474077701568604e-01
2.852613329887390137e-01
3.525504767894744873e-01
2.768663465976715088e-01
-1.300356239080429077e-01
7.643301039934158325e-02
1.820673346519470215e-01
8.315614610910415649e-02
1.272590458393096924e-01
-4.243243634700775146e-01
-5.368839502334594727e-01
-1.205311298370361328e+00
-2.042176008224487305e+00
-1.713610172271728516e+00
-6.805824041366577148e-01
-4.481697380542755127e-01
-9.964157342910766602e-01
-1.531251788139343262e+00
-1.003141045570373535e+00
-1.103656291961669922e+00
-1.539270043373107910e+00
-5.509460568428039551e-01
-8.161596059799194336e-01
-1.293538928031921387e+00
6.299793720245361328e-02
-7.594376802444458008e-01
-2.298208177089691162e-01
-3.088417053222656250e-01
-9.212575554847717285e-01
6.258916854858398438e-02
-8.939212560653686523e-02
2.537018954753875732e-01
4.499434828758239746e-01
6.592341661453247070e-01
-2.908228337764739990e-02
-4.397365748882293701e-01
-9.988279342651367188e-01
-2.402602881193161011e-01
1.199487894773483276e-01
2.889876961708068848e-01
1.049000844359397888e-01
-3.339694440364837646e-01
-5.360389351844787598e-01
-1.979714989662170410e+00
-1.364499926567077637e+00
-9.902806282043457031e-01
-8.728362917900085449e-01
-8.758454918861389160e-01
-1.288979530334472656e+00
-1.752608895301818848e+00
-2.034972906112670898e+00
-1.404485464096069336e+00
-7.356626987457275391e-01
-6.861273050308227539e-01
-1.694811701774597168e+00
-7.743113040924072266e-01
-1.884518384933471680e+00
-1.069088697433471680e+00
-1.254194140434265137e+00
-6.392297744750976562e-01
-3.983280956745147705e-01
-6.359898447990417480e-01
-6.866520047187805176e-01
-1.248491883277893066e+00
-2.744750678539276123e-01
2.569518685340881348e-01
2.925319075584411621e-01
3.587912321090698242e-01
3.387649357318878174e-01
4.368264973163604736e-01
4.684790074825286865e-01
3.964539170265197754e-01
4.152636826038360596e-01
-1.589528620243072510e-01
-2.043322563171386719e+00
-1.480455040931701660e+00
-1.142787814140319824e+00
-9.228544235229492188e-01
-7.152264714241027832e-01
-5.735775828361511230e-01
-3.860121071338653564e-01
-9.226232767105102539e-01
-7.259644865989685059e-01
-7.668411135673522949e-01
-1.308656573295593262e+00
-1.866856932640075684e+00
-1.675409078598022461e+00
-1.271711707115173340e+00
-2.824513912200927734e-01
-2.140031307935714722e-01
2.570884525775909424e-01
1.494339704513549805e-01
3.530336618423461914e-01
3.095483183860778809e-01
-7.903118133544921875e-01
1.776538938283920288e-01
7.276734709739685059e-02
3.390389084815979004e-01
1.338596194982528687e-01
4.908006489276885986e-01
-2.886965498328208923e-02
3.164798617362976074e-01
5.202897787094116211e-01
5.361101776361465454e-02
2.588322460651397705e-01
4.510883688926696777e-01
5.460135936737060547e-01
-5.910113453865051270e-01
-2.103006280958652496e-02
2.657484114170074463e-01
4.161920547485351562e-01
4.730250537395477295e-01
4.611919522285461426e-01
1.773633509874343872e-01
3.584687365218997002e-03
-2.656609416007995605e-01
-9.925954043865203857e-02
1.790031492710113525e-01
-1.249883472919464111e-01
3.001379668712615967e-01
3.132856786251068115e-01
-3.968077600002288818e-01
-3.167535960674285889e-01
-1.244578599929809570e+00
-1.435177028179168701e-01
-4.321827888488769531e-01
2.362604439258575439e-01
1.285296380519866943e-01
4.863682389259338379e-02
-6.176532506942749023e-01
-2.563819289207458496e-01
-5.440751910209655762e-01
-4.011198133230209351e-02
-2.112351804971694946e-01
7.392951101064682007e-02
3.797794580459594727e-01
5.232154130935668945e-01
4.782465398311614990e-01
4.921673536300659180e-01
5.240896344184875488e-01
3.430381119251251221e-01
3.688760995864868164e-01
9.876913577318191528e-02
3.081292212009429932e-01
3.681203126907348633e-01
6.826804280281066895e-01
2.317120432853698730e-01
-9.579831361770629883e-02
3.908932209014892578e-01
4.310258924961090088e-01
2.595038414001464844e-01
3.037213385105133057e-01
1.747824996709823608e-01
4.605459570884704590e-01
-6.131204962730407715e-02
2.224039435386657715e-01
3.313932120800018311e-01
2.320249229669570923e-01
-8.449301123619079590e-01
8.755039423704147339e-02
-2.136283554136753082e-02
2.616442143917083740e-01
5.756220594048500061e-02
8.793004602193832397e-02
2.086144983768463135e-01
1.569296270608901978e-01
2.949814200401306152e-01
-5.794766172766685486e-02
-7.997256517410278320e-02
-5.150430649518966675e-02
-1.029288172721862793e+00
1.936138421297073364e-02
4.359376132488250732e-01
3.124355375766754150e-01
-2.183859199285507202e-01
-4.522052109241485596e-01
-6.210930347442626953e-01
-2.409047335386276245e-01
2.372398786246776581e-02
2.453859746456146240e-01
-4.444199614226818085e-03
2.566632926464080811e-01
-5.457685589790344238e-01
-1.983463048934936523e+00
-1.513149857521057129e+00
-6.148903965950012207e-01
1.553056836128234863e-01
3.887793421745300293e-02
2.537131011486053467e-01
1.355545669794082642e-01
-5.619302392005920410e-02
-5.779891461133956909e-02
6.231665611267089844e-02
1.644646972417831421e-01
1.715870201587677002e-01
-6.029972434043884277e-01
-1.034196019172668457e+00
-1.995716094970703125e-01
-1.016517728567123413e-01
4.113039001822471619e-02
1.647716909646987915e-01
-9.073183685541152954e-02
9.463383257389068604e-02
4.897694662213325500e-02
-2.140055894851684570e+00
-1.809806823730468750e+00
-1.474852800369262695e+00
-4.006252884864807129e-01
-5.939320847392082214e-02
-2.799368500709533691e-01
2.500868737697601318e-01
3.619036674499511719e-01
2.892961800098419189e-01
1.831221282482147217e-01
-1.189507693052291870e-01
-5.155225396156311035e-01
-1.431050449609756470e-01
-6.762315630912780762e-01
-1.456706404685974121e+00
-7.346381545066833496e-01
-1.184030652046203613e+00
-1.346054196357727051e+00
-6.335864067077636719e-01
-1.619509100914001465e+00
-1.340708136558532715e+00
-9.963514804840087891e-01
-1.902742385864257812e+00
-1.260457515716552734e+00
-3.597086369991302490e-01
1.729470044374465942e-01
2.677006423473358154e-01
2.296418994665145874e-01
2.445535808801651001e-01
3.507169485092163086e-01
-7.069658041000366211e-01
-6.119682192802429199e-01
1.132123842835426331e-01
-3.783458098769187927e-02
-3.937941193580627441e-01
-9.551050066947937012e-01
-1.144422531127929688e+00
-8.707032352685928345e-02
1.892854869365692139e-01
4.049741923809051514e-01
4.106001257896423340e-01
3.456575572490692139e-01
3.941434323787689209e-01
5.202987790107727051e-01
8.120508193969726562e-01
4.639246165752410889e-01
3.006271123886108398e-01
4.493367373943328857e-01
4.829119145870208740e-01
5.022257566452026367e-01
-1.129198074340820312e-01
3.622000813484191895e-01
5.085349678993225098e-01
3.780899047851562500e-01
3.518647551536560059e-01
3.066132962703704834e-01
2.959847152233123779e-01
3.281196355819702148e-01
4.386481344699859619e-01
1.491851806640625000e-01
3.872372806072235107e-01
3.765730187296867371e-02
2.484124749898910522e-01
3.348784148693084717e-01
8.030945807695388794e-02
2.878344953060150146e-01
4.292257130146026611e-01
4.165695309638977051e-01
1.199309304356575012e-01
-1.981558501720428467e-01
-8.755826205015182495e-02
-3.911787569522857666e-01
-9.224963784217834473e-01
-1.595397830009460449e+00
-1.249189734458923340e+00
-5.913397073745727539e-01
-8.720871806144714355e-01
-1.797739028930664062e+00
-5.991577506065368652e-01
1.415022164583206177e-01
8.713471889495849609e-02
1.773576289415359497e-01
4.095973670482635498e-01
3.131261467933654785e-01
4.094716906547546387e-01
-8.486562371253967285e-01
-5.913832187652587891e-01
-3.189283236861228943e-02
-4.795459657907485962e-02
9.594009816646575928e-02
2.389420866966247559e-01
-5.542686581611633301e-01
2.236291021108627319e-02
2.718051970005035400e-01
-7.337944507598876953e-01
-1.678731799125671387e+00
-6.495323181152343750e-01
2.466874718666076660e-01
1.857769340276718140e-01
3.256076574325561523e-01
6.035072207450866699e-01
6.291621327400207520e-01
1.300047039985656738e-01
-1.232937812805175781e+00
-4.376378357410430908e-01
-1.764833927154541016e-01
-9.373389482498168945e-01
-8.486958593130111694e-02
1.337730735540390015e-01
6.254774332046508789e-02
2.517829239368438721e-01
2.188698351383209229e-01
2.793157696723937988e-01
5.056160688400268555e-01
4.274168610572814941e-01
5.568152666091918945e-01
4.201620072126388550e-02
4.919842183589935303e-01
1.243777126073837280e-01
2.346780449151992798e-01
5.882037431001663208e-02
2.950364947319030762e-01
2.026945650577545166e-01
-1.117185831069946289e+00
-1.519981980323791504e+00
-1.663990616798400879e+00
-7.111017704010009766e-01
-1.159396409988403320e+00
4.487739503383636475e-02
-3.149430155754089355e-01
1.888313740491867065e-01
1.059879455715417862e-02
1.120307743549346924e-01
-1.039787475019693375e-02
2.190430760383605957e-01
1.223321482539176941e-01
2.243055105209350586e-01
-7.857081294059753418e-01
-9.308550506830215454e-02
-1.566494703292846680e-01
-5.145809054374694824e-01
-1.833591461181640625e+00
-5.849509835243225098e-01
-8.282424509525299072e-02
-4.688052833080291748e-01
-1.655772626399993896e-01
-1.409816145896911621e+00
-1.472543358802795410e+00
-9.060699939727783203e-01
-2.183067053556442261e-01
-2.429265081882476807e-01
-7.061247527599334717e-02
6.109841167926788330e-02
2.737577557563781738e-01
9.893353283405303955e-02
9.555502235889434814e-02
2.447306215763092041e-01
4.767463803291320801e-01
-8.518310785293579102e-01
-3.731343150138854980e-01
1.699453741312026978e-01
2.236035615205764771e-01
2.910817265510559082e-01
-1.221764385700225830e-01
-3.177161812782287598e-01
-4.086283147335052490e-01
-2.667424380779266357e-01
-3.918119072914123535e-01
-5.455541983246803284e-02
-2.136895358562469482e-01
-5.045183897018432617e-01
-6.108200922608375549e-02
1.541171129792928696e-02
3.183656930923461914e-01
5.184892416000366211e-01
4.802037775516510010e-01
5.131257176399230957e-01
4.893366396427154541e-01
5.358306765556335449e-01
5.184236764907836914e-01
1.111934259533882141e-01
2.599054276943206787e-01
2.093320488929748535e-01
-2.825565636157989502e-01
3.143282532691955566e-01
2.019852846860885620e-01
4.326485395431518555e-01
4.835475385189056396e-01
3.965359032154083252e-01
-1.012097597122192383e+00
-9.904865026473999023e-01
-1.370469629764556885e-01
-9.378274679183959961e-01
-9.599080681800842285e-01
-1.960566043853759766e-01
-3.700584769248962402e-01
-2.684775292873382568e-01
9.562039375305175781e-02
1.073828339576721191e-02
1.407280713319778442e-01
-3.319368660449981689e-01
-4.536060392856597900e-01
3.966198563575744629e-01
-5.537196993827819824e-01
-1.520466804504394531e+00
-1.226859331130981445e+00
1.069575548171997070e-01
3.770306706428527832e-01
3.339713513851165771e-01
3.782541155815124512e-01
4.097743928432464600e-01
5.226405858993530273e-01
4.790382385253906250e-01
-1.182846203446388245e-01
-8.008168339729309082e-01
-1.910459995269775391e-01
1.310230791568756104e-01
2.040361911058425903e-01
1.878507807850837708e-02
-4.452434778213500977e-01
-2.453829646110534668e-01
-2.303521484136581421e-01
3.147176802158355713e-01
3.698648214340209961e-01
2.489881366491317749e-01
4.756079018115997314e-01
3.446216285228729248e-01
3.284785151481628418e-01
-1.954866051673889160e-01
-3.628556132316589355e-01
1.017613261938095093e-01
3.426373302936553955e-01
1.063720211386680603e-01
2.246790006756782532e-02
4.037032723426818848e-01
1.683595031499862671e-02
5.297293663024902344e-01
4.761256277561187744e-01
6.110290288925170898e-01
6.263523101806640625e-01
6.507643461227416992e-01
7.401211857795715332e-01
-4.821154177188873291e-01
3.681400418281555176e-01
5.108203291893005371e-01
3.530610203742980957e-01
4.743406176567077637e-02
1.640680879354476929e-01
3.592458963394165039e-01
1.640816777944564819e-01
1.066214218735694885e-01
-3.207330778241157532e-02
5.712756514549255371e-02
-1.970267057418823242e+00
-9.456446766853332520e-01
-1.250080019235610962e-01
-1.661799699068069458e-01
1.006424203515052795e-01
3.991160392761230469e-01
4.675904512405395508e-01
-3.924320340156555176e-01
-1.667957901954650879e+00
-5.078573226928710938e-01
-1.263307809829711914e+00
-1.270551800727844238e+00
-3.037073910236358643e-01
4.220162034034729004e-01
5.062987208366394043e-01
3.096509277820587158e-01
2.474936246871948242e-01
-6.683554649353027344e-01
-6.720707565546035767e-02
2.016305029392242432e-01
1.620484441518783569e-01
1.618713587522506714e-01
4.380526244640350342e-01
5.010420680046081543e-01
3.357788920402526855e-01
-7.904635369777679443e-02
1.300245970487594604e-01
-1.193653941154479980e+00
1.341488957405090332e-01
2.770289182662963867e-01
-1.379556357860565186e-01
-6.614047884941101074e-01
2.033385038375854492e-01
4.314881861209869385e-01
1.788103133440017700e-01
-4.393317997455596924e-01
-7.077040672302246094e-01
3.275438845157623291e-01
5.071679353713989258e-01
-7.023732066154479980e-01
-4.587292075157165527e-01
2.026852518320083618e-01
4.340471923351287842e-01
4.627876579761505127e-01
4.521723687648773193e-01
-9.180452227592468262e-01
-1.699022054672241211e-01
-2.772401459515094757e-02
-1.992250829935073853e-01
-1.300329685211181641e+00
-1.410691440105438232e-01
-1.175699606537818909e-01
2.893177270889282227e-01
2.909261547029018402e-02
-5.159916281700134277e-01
-3.102898299694061279e-01
-2.800906896591186523e-01
2.972272634506225586e-01
3.488128185272216797e-01
3.963425159454345703e-01
3.923177719116210938e-01
8.817887902259826660e-01
-4.886707365512847900e-01
2.660035490989685059e-01
-8.351327180862426758e-01
-3.358670696616172791e-02
-1.583129614591598511e-01
5.102214813232421875e-01
3.405463099479675293e-01
-4.265983998775482178e-01
7.199418544769287109e-02
2.083641886711120605e-01
1.872143596410751343e-01
3.653990626335144043e-01
1.217276081442832947e-01
5.029721260070800781e-01
7.840851545333862305e-01
-2.345318496227264404e-01
-3.273578882217407227e-01
-8.521109819412231445e-01
-8.095205426216125488e-01
-4.603411555290222168e-01
-7.126805782318115234e-01
1.044864114373922348e-02
7.475291192531585693e-02
2.021059244871139526e-01
2.943764030933380127e-01
-3.494284301996231079e-02
-1.308812648057937622e-01
2.774002850055694580e-01
2.551050186157226562e-01
-1.786421090364456177e-01
3.781708180904388428e-01
-7.480112463235855103e-02
4.778383374214172363e-01
1.076315566897392273e-01
5.002337098121643066e-01
-1.986148804426193237e-01
-5.019631385803222656e-01
1.062047630548477173e-01
1.137798428535461426e-01
1.685185879468917847e-01
-2.651106119155883789e-01
-1.016315966844558716e-01
-2.940477132797241211e-01
1.321797221899032593e-01
3.465136885643005371e-01
4.601358175277709961e-01
3.279595375061035156e-01
3.281924128532409668e-01
3.140703737735748291e-01
4.988189637660980225e-01
7.577930688858032227e-01
3.670913279056549072e-01
4.313973486423492432e-01
-1.256791949272155762e+00
5.609140545129776001e-02
-8.803341388702392578e-01
-8.329664915800094604e-02
1.702729612588882446e-01
4.371353983879089355e-01
-1.700957566499710083e-01
-5.197151899337768555e-01
-4.850156307220458984e-01
-4.073132276535034180e-01
2.326660156250000000e-01
-1.772267669439315796e-01
1.977822482585906982e-01
3.529073894023895264e-01
-2.344604432582855225e-01
-3.995663225650787354e-01
-1.410991251468658447e-01
-5.856195464730262756e-02
-7.469694316387176514e-02
4.357991516590118408e-01
2.840713262557983398e-01
9.867411255836486816e-01
9.836157560348510742e-01
9.176560044288635254e-01
7.151497602462768555e-01
-3.601340055465698242e-01
-3.114606142044067383e-01
-2.129559032618999481e-02
-8.796356618404388428e-02
-2.573526799678802490e-01
3.504468500614166260e-01
4.701436758041381836e-01
9.212898612022399902e-01
8.949403762817382812e-01
7.606213688850402832e-01
7.496359944343566895e-01
5.219940543174743652e-01
6.227810978889465332e-01
5.638335943222045898e-01
4.958577454090118408e-01
7.149394601583480835e-02
4.573516547679901123e-01
1.916342079639434814e-01
4.660171866416931152e-01
5.664345622062683105e-01
-5.576083064079284668e-01
4.586648568511009216e-02
-1.015788316726684570e-02
-2.706490159034729004e-01
-2.669869065284729004e-01
5.128217861056327820e-02
8.174233883619308472e-02
-2.199680656194686890e-01
-1.162290722131729126e-01
1.911225020885467529e-01
3.962362110614776611e-01
1.705149859189987183e-01
1.412939280271530151e-01
-1.019240841269493103e-01
-1.121855974197387695e-01
-1.348944604396820068e-01
-7.760412693023681641e-01
-1.074399113655090332e+00
-7.758092284202575684e-01
-7.745460271835327148e-01
-5.401616096496582031e-01
-4.215476810932159424e-01
-4.417017102241516113e-01
-2.971387803554534912e-01
-1.946083754301071167e-01
-7.165443897247314453e-02
1.709969788789749146e-01
8.837854862213134766e-02
1.608830094337463379e-01
2.445006817579269409e-01
2.975340560078620911e-02
-1.804815530776977539e-01
-2.276534438133239746e-01
1.985215991735458374e-01
-2.055605798959732056e-01
2.475591599941253662e-01
3.765742182731628418e-01
5.489832758903503418e-01
6.918544173240661621e-01
5.146482586860656738e-01
2.321422696113586426e-01
4.360124170780181885e-01
4.263962507247924805e-01
5.037783384323120117e-01
5.534875988960266113e-01
2.604877352714538574e-01
2.671521902084350586e-01
2.531624138355255127e-01
2.087308168411254883e-01
-6.604352593421936035e-02
-3.889847546815872192e-02
1.116648465394973755e-01
5.615942552685737610e-02
9.575639665126800537e-02
1.684699356555938721e-01
-5.568717122077941895e-01
-4.731914699077606201e-01
-4.916226863861083984e-01
-7.687631845474243164e-01
-7.103925943374633789e-01
-1.461562871932983398e+00
-1.348226189613342285e+00
-3.123790621757507324e-01
2.293366938829421997e-01
1.253016889095306396e-01
2.959530055522918701e-01
2.391802370548248291e-01
1.914873570203781128e-01
5.226600766181945801e-01
6.073875427246093750e-01
5.344340205192565918e-01
1.433744728565216064e-01
4.838452637195587158e-01
1.185579001903533936e-01
2.703577280044555664e-01
-1.373966336250305176e-01
-5.906884744763374329e-02
2.805450558662414551e-01
2.102856636047363281e-01
2.479431219398975372e-02
-2.379572540521621704e-01
-2.651978842914104462e-02
8.389641344547271729e-02
4.029042124748229980e-01
3.554962873458862305e-01
5.683078169822692871e-01
5.024241209030151367e-01
3.912587165832519531e-01
3.702051043510437012e-01
4.662608504295349121e-01
4.162698686122894287e-01
2.008867114782333374e-01
-1.596854090690612793e+00
-1.571048498153686523e+00
-1.548433780670166016e+00
-1.595699667930603027e+00
-1.653234124183654785e+00
-1.625149011611938477e+00
-1.565147042274475098e+00
-1.601577043533325195e+00
-1.613103508949279785e+00
-1.625304222106933594e+00
-1.608393192291259766e+00
-1.807174086570739746e+00
-1.843149662017822266e+00
-1.740452051162719727e+00
-1.788664102554321289e+00
-1.766087293624877930e+00
-1.802700877189636230e+00
-1.986999869346618652e+00
-2.076771497726440430e+00
-2.004359483718872070e+00
-2.075311660766601562e+00
-1.643991351127624512e+00
-1.764212131500244141e+00
-1.792939066886901855e+00
-1.617528676986694336e+00
-1.680420994758605957e+00
-1.487269759178161621e+00
-1.807792544364929199e+00
-1.713787794113159180e+00
-1.879916548728942871e+00
-1.735874414443969727e+00
-1.781944870948791504e+00
-1.788994073867797852e+00
-1.597228169441223145e+00
-1.586712956428527832e+00
-1.499961256980895996e+00
-1.538911342620849609e+00
-1.524265408515930176e+00
-1.503443479537963867e+00
-1.538901329040527344e+00
-1.430593371391296387e+00
-1.502622961997985840e+00
-1.574250340461730957e+00
-1.447042942047119141e+00
-1.462005138397216797e+00
-1.499025702476501465e+00
-1.482035279273986816e+00
-1.485411047935485840e+00
-1.497458219528198242e+00
-1.521663188934326172e+00
-1.464204192161560059e+00
-1.542754530906677246e+00
-1.453918933868408203e+00
-1.527743697166442871e+00
-1.723835706710815430e+00
-1.523601055145263672e+00
-1.451338171958923340e+00
-1.502966523170471191e+00
-1.481318235397338867e+00
-1.476949572563171387e+00
-1.489875435829162598e+00
-1.489722251892089844e+00
-1.632666349411010742e+00
-1.442939519882202148e+00
-1.409777522087097168e+00
-1.459751844406127930e+00
-1.833992600440979004e+00
-1.539778828620910645e+00
-1.414405465126037598e+00
-1.519134402275085449e+00
-1.454181313514709473e+00
-1.544273138046264648e+00
-1.623739242553710938e+00
-1.568067669868469238e+00
-1.467432022094726562e+00
-1.422330379486083984e+00
-1.427732586860656738e+00
-1.464432597160339355e+00
-1.521211743354797363e+00
-1.466608762741088867e+00
-1.581477403640747070e+00
-1.462865710258483887e+00
-1.478958249092102051e+00
-1.547426819801330566e+00
-1.508092999458312988e+00
-1.413343429565429688e+00
-1.583332777023315430e+00
-1.513253331184387207e+00
-1.397736310958862305e+00
-1.524130463600158691e+00
-1.540227293968200684e+00
-1.498073577880859375e+00
-1.657227754592895508e+00
-1.565756797790527344e+00
-1.809467673301696777e+00
-1.445492029190063477e+00
-1.417907238006591797e+00
-1.477386355400085449e+00
-1.590026736259460449e+00
-1.443120718002319336e+00
-1.576504468917846680e+00
-1.476564049720764160e+00
-1.509024739265441895e+00
-1.784690856933593750e+00
-1.901215791702270508e+00
-1.977052688598632812e+00
-2.120153188705444336e+00
-1.566065311431884766e+00
-1.588722348213195801e+00
-1.557318210601806641e+00
-1.748372316360473633e+00
-1.695161342620849609e+00
-1.752504587173461914e+00
-2.052426099777221680e+00
-1.764710664749145508e+00
-1.910175085067749023e+00
-1.659360289573669434e+00
-1.716662526130676270e+00
-1.682024121284484863e+00
-1.659877657890319824e+00
-1.592441320419311523e+00
-1.656830787658691406e+00
-1.606725811958312988e+00
-1.508053779602050781e+00
-1.551346302032470703e+00
-1.628892779350280762e+00
-1.533613324165344238e+00
-1.522818446159362793e+00
-1.718536019325256348e+00
-1.659720778465270996e+00
-1.771863341331481934e+00
-1.867551803588867188e+00
-1.841263771057128906e+00
-1.770349144935607910e+00
-1.821676135063171387e+00
-1.933414697647094727e+00
-1.782574772834777832e+00
-1.866299033164978027e+00
-1.879183292388916016e+00
-1.541644930839538574e+00
-1.435238838195800781e+00
-1.448328495025634766e+00
-1.481993675231933594e+00
-1.584529042243957520e+00
-1.571710109710693359e+00
-1.524338603019714355e+00
-1.615452289581298828e+00
-1.741107940673828125e+00
-1.517715454101562500e+00
-1.543222546577453613e+00
-1.578964471817016602e+00
-1.559538364410400391e+00
-1.560398459434509277e+00
-1.476450204849243164e+00
-1.454597115516662598e+00
-1.498409390449523926e+00
-1.462286233901977539e+00
-1.633622884750366211e+00
-1.554293751716613770e+00
-1.548269271850585938e+00
-1.508602857589721680e+00
-1.524792313575744629e+00
-1.652722358703613281e+00
-1.664043784141540527e+00
-1.519434452056884766e+00
-1.570630788803100586e+00
-1.500268220901489258e+00
-1.507218360900878906e+00
-1.598865032196044922e+00
-1.617494702339172363e+00
-1.578269481658935547e+00
-1.591451406478881836e+00
-1.576434731483459473e+00
-1.692085027694702148e+00
-1.640955090522766113e+00
-1.704494237899780273e+00
-1.580962300300598145e+00
-1.716180086135864258e+00
-1.780567884445190430e+00
-1.743768453598022461e+00
-1.692225575447082520e+00
-1.781763911247253418e+00
-1.769075989723205566e+00
-1.695055723190307617e+00
-1.752483606338500977e+00
-1.766249656677246094e+00
-1.696920752525329590e+00
-1.624930143356323242e+00
-1.710390329360961914e+00
-1.693922996520996094e+00
-1.648950457572937012e+00
-1.714887499809265137e+00
-1.731464147567749023e+00
-1.651930451393127441e+00
-1.625623106956481934e+00
-1.659821391105651855e+00
-1.719389557838439941e+00
-1.688653230667114258e+00
-1.745877504348754883e+00
-1.632426738739013672e+00
-1.730398774147033691e+00
-1.622326254844665527e+00
-1.722775936126708984e+00
-1.711010813713073730e+00
-1.699446916580200195e+00
-1.662172913551330566e+00
-1.646812677383422852e+00
-1.693537116050720215e+00
-1.603899240493774414e+00
-1.576690077781677246e+00
-1.619151115417480469e+00
-1.578079104423522949e+00
-1.689198970794677734e+00
-1.849761724472045898e+00
-1.708004593849182129e+00
-2.023333072662353516e+00
-1.702011704444885254e+00
-1.647289991378784180e+00
-1.752345085144042969e+00
-1.704751372337341309e+00
-1.796225190162658691e+00
-1.805140018463134766e+00
-1.574102640151977539e+00
-1.449890851974487305e+00
-1.620734810829162598e+00
-1.719371676445007324e+00
-1.620229482650756836e+00
-1.663060188293457031e+00
-1.707682490348815918e+00
-1.768491268157958984e+00
-1.776522278785705566e+00
-1.636099576950073242e+00
-1.633508682250976562e+00
-1.675384402275085449e+00
-1.725272297859191895e+00
-1.671607375144958496e+00
-1.745653152465820312e+00
-1.710644125938415527e+00
-1.753887772560119629e+00
-1.620881080627441406e+00
-1.702815413475036621e+00
-1.704570293426513672e+00
-1.716426372528076172e+00
-1.730772495269775391e+00
-1.732296943664550781e+00
-1.759808659553527832e+00
-1.703245520591735840e+00
-1.646461963653564453e+00
-1.789058923721313477e+00
-1.761204481124877930e+00
-1.851891517639160156e+00
-1.743240952491760254e+00
-1.734338998794555664e+00
-1.723842978477478027e+00
-1.700898885726928711e+00
-1.723734855651855469e+00
-1.822875022888183594e+00
-1.652355432510375977e+00
-1.788837432861328125e+00
-1.677493929862976074e+00
-1.734895944595336914e+00
-1.630652904510498047e+00
-1.763751149177551270e+00
-1.804106593132019043e+00
-2.061729907989501953e+00
-2.057938337326049805e+00
-1.740366458892822266e+00
-1.732052683830261230e+00
-1.597794651985168457e+00
-1.593736290931701660e+00
-1.709416508674621582e+00
-1.733123540878295898e+00
-1.593392968177795410e+00
-1.517898797988891602e+00
-1.529535174369812012e+00
-1.574535250663757324e+00
-1.555978178977966309e+00
-1.657079219818115234e+00
-1.511732697486877441e+00
-1.664854884147644043e+00
-1.723028063774108887e+00
-1.717532038688659668e+00
-1.768307089805603027e+00
-1.734557986259460449e+00
-1.745972752571105957e+00
-1.693479776382446289e+00
-1.814984202384948730e+00
-1.719729304313659668e+00
-1.643249034881591797e+00
-1.761201262474060059e+00
-1.745118737220764160e+00
-1.675543665885925293e+00
-1.622208356857299805e+00
-1.695597767829895020e+00
-1.507870912551879883e+00
-1.939007163047790527e+00
-1.852105855941772461e+00
-2.332772731781005859e+00
-2.100579738616943359e+00
-1.837391018867492676e+00
-1.718267798423767090e+00
-1.702254533767700195e+00
-1.635205626487731934e+00
-1.536664843559265137e+00
-1.075576782226562500e+00
-9.505185484886169434e-01
-7.322707772254943848e-01
-6.949313282966613770e-01
-5.657036304473876953e-01
-5.436598062515258789e-01
-4.077896475791931152e-01
-6.628206372261047363e-01
-1.311343789100646973e+00
-1.488796710968017578e+00
-1.697169303894042969e+00
-1.897122502326965332e+00
-1.793461561203002930e+00
-1.131662368774414062e+00
-1.029910564422607422e+00
-1.482970118522644043e+00
-1.113604187965393066e+00
-9.455345869064331055e-01
-8.298369646072387695e-01
-3.969769775867462158e-01
-3.480149507522583008e-01
-4.136976897716522217e-01
-2.096406072378158569e-01
-3.556334078311920166e-01
-4.679720103740692139e-01
-1.242414712905883789e-01
3.622047603130340576e-01
2.303141504526138306e-01
2.355583608150482178e-01
2.579265460371971130e-02
-5.345903038978576660e-01
1.922428458929061890e-01
3.657474815845489502e-01
6.379332542419433594e-01
7.895493507385253906e-01
8.424805402755737305e-01
4.780120253562927246e-01
8.435834646224975586e-01
8.054534792900085449e-01
8.854877948760986328e-01
1.028378129005432129e+00
9.786036610603332520e-01
4.904550313949584961e-01
1.066760897636413574e+00
9.749926328659057617e-01
9.603837728500366211e-01
9.969202280044555664e-01
1.084633946418762207e+00
1.029976725578308105e+00
1.154077887535095215e+00
1.255295395851135254e+00
1.366575360298156738e+00
1.156646609306335449e+00
1.316058516502380371e+00
1.176824092864990234e+00
8.372461795806884766e-01
8.771042823791503906e-01
8.774267435073852539e-01
9.771374464035034180e-01
8.258374929428100586e-01
1.148296236991882324e+00
9.592669606208801270e-01
1.211851239204406738e+00
9.974259138107299805e-01
6.721902489662170410e-01
3.574868291616439819e-02
-1.113766074180603027e+00
-1.699259400367736816e+00
-1.615606427192687988e+00
-1.769547343254089355e+00
-1.593741536140441895e+00
-8.528239130973815918e-01
-4.315111041069030762e-01
-3.934776484966278076e-01
-1.035866364836692810e-01
-1.982490718364715576e-01
2.784344553947448730e-02
2.229947596788406372e-01
-1.130866557359695435e-01
3.987992554903030396e-02
-1.823523938655853271e-01
4.979486390948295593e-02
2.567799687385559082e-01
-4.124704301357269287e-01
-8.049455285072326660e-01
-1.374299079179763794e-01
3.280677795410156250e-01
4.544344246387481689e-01
1.076387912034988403e-01
2.480676770210266113e-01
2.205360233783721924e-01
6.247979402542114258e-01
5.279622077941894531e-01
9.036198854446411133e-01
9.415956139564514160e-01
3.978260755538940430e-01
8.409144282341003418e-01
1.027267098426818848e+00
9.847588539123535156e-01
8.155591487884521484e-01
5.924100875854492188e-01
7.707248330116271973e-01
7.923395633697509766e-01
8.220322728157043457e-01
7.771492004394531250e-01
8.441132903099060059e-01
8.735167980194091797e-01
9.378040432929992676e-01
9.575225114822387695e-01
9.299672842025756836e-01
5.647990703582763672e-01
7.294027209281921387e-01
6.094841361045837402e-01
-8.051269054412841797e-01
-8.811571598052978516e-01
-6.406191587448120117e-01
-2.414412349462509155e-01
-6.044847965240478516e-01
-1.122139692306518555e-01
1.111475192010402679e-02
4.874878376722335815e-02
5.846144556999206543e-01
3.673009276390075684e-01
5.110851526260375977e-01
1.077746748924255371e+00
9.870259165763854980e-01
5.192558765411376953e-01
5.974721908569335938e-01
3.830908834934234619e-01
-3.344650864601135254e-01
-8.539746999740600586e-01
-2.045681715011596680e+00
-1.845500469207763672e+00
-1.183759689331054688e+00
-1.799608349800109863e+00
-1.745665788650512695e+00
-1.580615758895874023e+00
-9.018328785896301270e-01
-1.182772994041442871e+00
-1.574530959129333496e+00
-1.478540778160095215e+00
-9.383636116981506348e-01
-7.503497004508972168e-01
-3.269347250461578369e-01
-3.445784747600555420e-01
-2.583869099617004395e-01
-5.495100021362304688e-01
-5.484123826026916504e-01
-2.353991866111755371e-01
2.483717650175094604e-01
3.764483928680419922e-01
3.962347209453582764e-01
3.780248165130615234e-01
3.602031767368316650e-01
4.260299503803253174e-01
4.668878614902496338e-01
1.631617993116378784e-01
2.765577733516693115e-01
-4.924008250236511230e-02
2.140047401189804077e-01
2.774938046932220459e-01
1.551375538110733032e-01
3.289940059185028076e-01
3.439557254314422607e-01
6.479463577270507812e-01
1.892677396535873413e-01
7.424904704093933105e-01
4.924657344818115234e-01
5.049887895584106445e-01
2.988129258155822754e-01
2.644966244697570801e-01
1.605366170406341553e-01
2.057515680789947510e-01
3.415382280945777893e-02
-1.418510794639587402e+00
-9.390624165534973145e-01
-1.221680164337158203e+00
-1.571637153625488281e+00
-1.240321159362792969e+00
-8.021512627601623535e-01
-6.221001744270324707e-01
-1.794595003128051758e+00
-7.367623448371887207e-01
-7.513955235481262207e-01
-1.363095045089721680e+00
-6.196312308311462402e-01
-5.293342471122741699e-01
-4.346945285797119141e-01
-5.514871478080749512e-01
-8.330454230308532715e-01
-4.963587820529937744e-01
-2.763329148292541504e-01
-5.359758734703063965e-01
-7.334926724433898926e-01
-1.208742976188659668e+00
-1.365535974502563477e+00
-1.201172232627868652e+00
-9.348815679550170898e-01
-1.445476412773132324e+00
-9.061977863311767578e-01
-1.342696309089660645e+00
-1.316977262496948242e+00
-2.627604007720947266e-01
7.283236384391784668e-01
6.203716397285461426e-01
7.056879997253417969e-01
5.838432312011718750e-01
6.783383488655090332e-01
-3.756380379199981689e-01
-8.691637516021728516e-01
-4.128024280071258545e-01
1.297425180673599243e-01
4.766696095466613770e-01
3.904239237308502197e-01
-1.154302716255187988e+00
2.472970075905323029e-02
1.637581735849380493e-01
2.795366346836090088e-01
8.714126944541931152e-01
1.056857824325561523e+00
9.275255203247070312e-01
8.984122872352600098e-01
6.837956905364990234e-01
6.915950179100036621e-01
5.850908756256103516e-01
7.748797535896301270e-01
7.681602239608764648e-01
5.857427716255187988e-01
-4.807616770267486572e-01
-1.370862424373626709e-01
4.227652251720428467e-01
4.727829992771148682e-01
5.420843362808227539e-01
-5.772502422332763672e-01
-1.935440540313720703e+00
-1.627996087074279785e+00
-1.677958011627197266e+00
-1.476304888725280762e+00
-8.722285032272338867e-01
-1.827777177095413208e-01
-9.081983566284179688e-01
-7.603074312210083008e-01
-7.349283099174499512e-01
-5.530689358711242676e-01
-1.021951675415039062e+00
8.293200284242630005e-03
1.693612039089202881e-01
-2.307787351310253143e-02
1.042450368404388428e-01
5.704987645149230957e-01
5.686457753181457520e-01
3.502755761146545410e-01
1.499904394149780273e-01
-7.635561227798461914e-01
-1.980493366718292236e-01
-1.208437681198120117e+00
-1.653470039367675781e+00
-1.934599637985229492e+00
-5.637860894203186035e-01
-1.418853878974914551e+00
-3.126468658447265625e-01
6.131947040557861328e-01
6.594296097755432129e-01
6.293136477470397949e-01
3.741861581802368164e-01
6.135684251785278320e-01
-2.485226839780807495e-01
4.580108225345611572e-01
2.862460315227508545e-01
2.505468130111694336e-01
-8.632480502128601074e-01
-4.938684999942779541e-01
9.833063930273056030e-02
-3.311285674571990967e-01
-1.583595633506774902e+00
-4.240934848785400391e-01
-1.056534409523010254e+00
-2.353827953338623047e-01
2.879417836666107178e-01
8.668372631072998047e-01
7.015971541404724121e-01
2.154944390058517456e-01
-9.643458724021911621e-01
-1.106602773070335388e-01
3.167742490768432617e-01
1.464273780584335327e-01
-1.847379922866821289e+00
-3.007705509662628174e-01
-2.552949488162994385e-01
-7.490891814231872559e-01
1.139143034815788269e-01
-5.102609843015670776e-02
-9.133273363113403320e-01
-1.936917662620544434e+00
-1.998534202575683594e+00
-1.705634832382202148e+00
-1.576814770698547363e+00
-1.113070368766784668e+00
-1.460689663887023926e+00
-8.761367797851562500e-01
-9.104263782501220703e-01
-8.589695096015930176e-01
-9.012019038200378418e-01
-7.383219599723815918e-01
-8.819831013679504395e-01
-5.606918931007385254e-01
-5.275689959526062012e-01
-3.792811334133148193e-01
-3.823634982109069824e-01
-2.837576270103454590e-01
-5.755562186241149902e-01
-3.572327196598052979e-01
-6.362328529357910156e-01
-1.485188841819763184e+00
-6.594150066375732422e-01
-6.245673894882202148e-01
-9.158769845962524414e-01
-6.911031007766723633e-01
-8.548809885978698730e-01
-8.552260994911193848e-01
-5.474554300308227539e-01
9.664903581142425537e-02
5.155522823333740234e-01
4.901307225227355957e-01
3.004114925861358643e-01
2.880767583847045898e-01
-3.641681075096130371e-01
-4.748741090297698975e-01
-3.365682661533355713e-01
-8.133279085159301758e-01
-6.897047162055969238e-01
-2.017760276794433594e-01
-4.723954573273658752e-02
-1.544212549924850464e-01
-5.680738091468811035e-01
-4.821574985980987549e-01
-1.698540806770324707e+00
-1.719439625740051270e+00
-1.685602188110351562e+00
-1.707698464393615723e+00
-1.648742198944091797e+00
