3.587126135826110840e-01
2.449196726083755493e-01
-1.707726530730724335e-02
1.395479291677474976e-01
2.920391559600830078e-01
1.635669618844985962e-01
-3.879842534661293030e-02
1.296682953834533691e-01
-2.513256669044494629e-02
3.162510693073272705e-01
-5.154044628143310547e-01
-6.172081828117370605e-01
-4.044440984725952148e-01
2.305179983377456665e-01
-2.999002337455749512e-01
1.631303727626800537e-01
3.658269643783569336e-01
4.023760259151458740e-01
3.144138455390930176e-01
5.328820943832397461e-01
4.970819056034088135e-01
4.027871489524841309e-01
6.547732353210449219e-01
7.161570787429809570e-01
7.299903631210327148e-01
6.457365751266479492e-01
8.271143436431884766e-01
3.961036205291748047e-01
3.858176171779632568e-01
3.061456084251403809e-01
1.551832109689712524e-01
4.389764070510864258e-01
4.202090501785278320e-01
5.044994950294494629e-01
5.063914060592651367e-01
3.600410223007202148e-01
5.210088491439819336e-01
4.026269912719726562e-01
3.759050071239471436e-01
4.375710785388946533e-01
4.760963022708892822e-01
8.198469877243041992e-01
6.566355228424072266e-01
2.958733737468719482e-01
3.099003732204437256e-01
3.625304624438285828e-02
3.069424629211425781e-01
4.235943555831909180e-01
4.262374937534332275e-01
4.255473017692565918e-01
1.722932755947113037e-01
9.994448721408843994e-02
-1.583892554044723511e-01
3.493832349777221680e-01
4.886786267161369324e-02
3.332246541976928711e-01
2.206530570983886719e-01
1.171157732605934143e-01
5.983582735061645508e-01
6.522409915924072266e-01
6.296501159667968750e-01
5.426220223307609558e-02
1.279220450669527054e-02
4.023690521717071533e-02
2.151151746511459351e-01
-2.127503007650375366e-01
-1.639623492956161499e-01
-3.587800264358520508e-01
-4.218952357769012451e-01
-3.829362094402313232e-01
-1.257902830839157104e-01
-3.006096482276916504e-01
-6.576431542634963989e-02
-9.786923974752426147e-02
4.586936235427856445e-01
-1.951368898153305054e-01
1.570131033658981323e-01
3.900865912437438965e-01
5.722888112068176270e-01
3.973036706447601318e-01
5.269337296485900879e-01
6.828548908233642578e-01
5.897713899612426758e-01
2.886794805526733398e-01
6.776900291442871094e-01
8.754705786705017090e-01
9.789416193962097168e-01
8.947673439979553223e-01
8.857234716415405273e-01
9.753333330154418945e-01
1.014639973640441895e+00
7.858944535255432129e-01
7.555918097496032715e-01
7.621223926544189453e-01
8.587720245122909546e-02
2.781100273132324219e-01
4.285419583320617676e-01
4.958307743072509766e-01
5.203371047973632812e-01
5.323358178138732910e-01
6.640056371688842773e-01
6.582456231117248535e-01
7.640800476074218750e-01
4.713164865970611572e-01
6.613339185714721680e-01
7.392362356185913086e-01
9.857053756713867188e-01
9.306305050849914551e-01
1.025971412658691406e+00
9.021838903427124023e-01
7.966129779815673828e-01
7.881069779396057129e-01
1.078109264373779297e+00
-2.780642807483673096e-01
-4.730596542358398438e-01
-3.777014017105102539e-01
-4.310650527477264404e-01
-4.127017557621002197e-01
-7.157354056835174561e-02
1.946160793304443359e-01
2.404636442661285400e-01
-6.261146813631057739e-02
-3.054718077182769775e-01
2.245186418294906616e-01
1.173182278871536255e-01
1.850278079509735107e-01
3.630669713020324707e-01
5.505864620208740234e-01
8.024998903274536133e-01
4.669433832168579102e-01
9.109928011894226074e-01
1.064358472824096680e+00
1.098614692687988281e+00
1.030125498771667480e+00
1.022853016853332520e+00
1.168351888656616211e+00
8.882231712341308594e-01
7.014396190643310547e-01
1.155617713928222656e+00
7.942772507667541504e-01
8.183973431587219238e-01
-8.195871114730834961e-01
-1.225323319435119629e+00
3.860903382301330566e-01
7.000182867050170898e-01
-1.196781635284423828e+00
5.719864964485168457e-01
2.692144215106964111e-01
6.385993361473083496e-01
-2.135031938552856445e+00
-2.338385820388793945e+00
-1.426837801933288574e+00
-1.131981253623962402e+00
-1.894610404968261719e+00
-1.827919006347656250e+00
-2.368733406066894531e+00
-1.992840647697448730e+00
-1.597560048103332520e+00
-1.292810916900634766e+00
-2.144027471542358398e+00
-2.723204851150512695e+00
-1.414021372795104980e+00
-7.204731702804565430e-01
-6.348536163568496704e-02
-1.591877192258834839e-01
2.188473492860794067e-01
5.658362507820129395e-01
4.702786207199096680e-01
7.779532670974731445e-01
7.685248255729675293e-01
1.129089832305908203e+00
6.776178479194641113e-01
4.659127593040466309e-01
9.668887257575988770e-01
1.175517916679382324e+00
9.456847906112670898e-01
9.111546874046325684e-01
1.088034629821777344e+00
5.791323781013488770e-01
9.158136248588562012e-01
6.677964329719543457e-01
9.812122583389282227e-01
1.018454074859619141e+00
6.445378065109252930e-02
6.577091813087463379e-01
6.925500631332397461e-01
8.045380115509033203e-01
7.822392880916595459e-02
6.831780672073364258e-01
5.267227292060852051e-01
6.354702115058898926e-01
8.789710998535156250e-01
7.431194186210632324e-01
4.690599441528320312e-01
5.502423644065856934e-01
2.108416259288787842e-01
-1.559623051434755325e-03
2.932859659194946289e-01
-6.550800800323486328e-01
1.092953532934188843e-01
-2.753462195396423340e-01
1.489687711000442505e-01
2.692998945713043213e-01
-2.826631367206573486e-01
-4.617116153240203857e-01
-1.029292307794094086e-02
-3.043718338012695312e-01
-1.046487838029861450e-01
-3.424094021320343018e-01
-8.323053121566772461e-01
-2.101478815078735352e+00
-1.091131210327148438e+00
-1.547678261995315552e-01
1.113301143050193787e-01
-1.536316126585006714e-01
1.734784394502639771e-01
2.213523387908935547e-01
2.098830789327621460e-01
3.937474191188812256e-01
3.237898349761962891e-01
6.017913222312927246e-01
8.390392065048217773e-01
-2.378988713026046753e-01
-2.536185264587402344e+00
-7.256619930267333984e-01
5.903703570365905762e-01
2.183632999658584595e-01
7.523372769355773926e-01
3.778383135795593262e-01
5.090727657079696655e-02
-2.927174977958202362e-02
-1.065096855163574219e+00
-1.978226184844970703e+00
-1.549250245094299316e+00
-9.992727637290954590e-01
-7.490609288215637207e-01
-9.192061424255371094e-01
8.681557327508926392e-02
4.496381059288978577e-02
4.575378820300102234e-02
3.042443990707397461e-01
3.078262209892272949e-01
-6.137552857398986816e-01
-1.909640192985534668e+00
-2.159631490707397461e+00
-9.547332525253295898e-01
-7.962681055068969727e-01
-3.416640460491180420e-01
-7.487326860427856445e-01
-3.414618074893951416e-01
3.490847945213317871e-01
7.451555132865905762e-01
1.709182411432266235e-01
2.915541827678680420e-01
-9.690094590187072754e-01
2.636954002082347870e-02
1.783099323511123657e-01
5.082758069038391113e-01
-4.686126112937927246e-01
1.818038374185562134e-01
3.438168168067932129e-01
4.391335248947143555e-01
8.383184075355529785e-01
2.196562886238098145e-01
-1.289634257555007935e-01
9.922237992286682129e-01
1.101671218872070312e+00
4.582547843456268311e-01
4.540300071239471436e-01
-7.224336266517639160e-02
6.087325811386108398e-01
-2.258206345140933990e-02
1.507274806499481201e-01
3.739488869905471802e-02
-1.247101947665214539e-01
-5.724539756774902344e-01
4.733531177043914795e-02
-5.050951838493347168e-01
-8.051224350929260254e-01
-1.002062082290649414e+00
-3.376218080520629883e-01
-8.140357136726379395e-01
-8.240227103233337402e-01
-1.060690164566040039e+00
-6.740863919258117676e-01
-1.022232770919799805e+00
-6.713579297065734863e-01
2.837222628295421600e-02
1.652826666831970215e-01
-1.118170022964477539e+00
-6.487594842910766602e-01
-5.318434834480285645e-01
1.697241887450218201e-02
6.196409463882446289e-01
1.452962458133697510e-01
2.902981638908386230e-01
3.259563148021697998e-01
7.715792655944824219e-01
8.693882226943969727e-01
8.763371109962463379e-01
3.794168233871459961e-01
6.963823437690734863e-01
1.365924924612045288e-01
-8.058664798736572266e-01
-1.510164380073547363e+00
-2.283656358718872070e+00
-9.999057054519653320e-01
-2.650992155075073242e+00
-5.059779882431030273e-01
-2.777983903884887695e+00
-1.565766811370849609e+00
-5.782415866851806641e-01
-6.631948351860046387e-01
-2.452485114336013794e-01
2.050300240516662598e-01
2.627595365047454834e-01
4.218225181102752686e-01
4.580561518669128418e-01
5.180609226226806641e-01
4.060371518135070801e-01
1.214361563324928284e-01
3.198503553867340088e-01
6.758715510368347168e-01
7.251718044281005859e-01
8.887029290199279785e-01
2.916835248470306396e-01
-2.337810277938842773e+00
-5.178349018096923828e-01
1.056536734104156494e-01
-2.717472314834594727e+00
-3.054409325122833252e-01
8.997405320405960083e-02
1.319918781518936157e-01
1.093297675251960754e-01
-6.267152726650238037e-02
-3.101944327354431152e-01
-1.200482528656721115e-02
3.001665174961090088e-01
4.400162696838378906e-01
1.817716956138610840e-01
2.828328311443328857e-01
1.665652394294738770e-01
6.307506561279296875e-01
8.182883262634277344e-01
4.114025831222534180e-01
7.456675767898559570e-01
8.633649349212646484e-01
4.028533101081848145e-01
5.810164809226989746e-01
3.899562060832977295e-01
2.730203866958618164e-01
-1.738079041242599487e-01
3.123915791511535645e-01
6.505594253540039062e-01
-7.518134117126464844e-01
-5.057713389396667480e-01
1.898066103458404541e-01
-5.507735610008239746e-01
-1.670054644346237183e-01
8.624371290206909180e-01
9.968620538711547852e-01
-4.916706681251525879e-01
1.706014126539230347e-01
5.952508449554443359e-01
3.161844313144683838e-01
8.488075733184814453e-01
7.502384185791015625e-01
4.176769852638244629e-01
-1.077291672118008137e-03
8.460190892219543457e-01
1.487727522850036621e+00
2.825055420398712158e-01
4.773440957069396973e-01
8.146613836288452148e-01
7.509420514106750488e-01
8.389812111854553223e-01
7.854734659194946289e-01
1.118860483169555664e+00
8.240786790847778320e-01
1.798002570867538452e-01
-3.464159369468688965e-01
3.086152374744415283e-01
6.066060066223144531e-01
7.681353688240051270e-01
8.016491532325744629e-01
3.355916142463684082e-01
7.406603097915649414e-01
9.647284150123596191e-01
7.297746539115905762e-01
8.001308441162109375e-01
8.499455451965332031e-01
3.953786492347717285e-01
5.756726264953613281e-01
4.977571964263916016e-01
7.059636712074279785e-01
-2.784010171890258789e-01
2.935496866703033447e-01
7.119387388229370117e-01
6.634662747383117676e-01
4.981569051742553711e-01
1.088881045579910278e-01
-7.597536444664001465e-01
-2.374441325664520264e-01
3.095259368419647217e-01
5.602501034736633301e-01
-2.166631370782852173e-01
1.301502287387847900e-01
-6.116940826177597046e-02
-2.063765823841094971e-01
-1.842057347297668457e+00
-1.405957937240600586e+00
-5.585605502128601074e-01
-3.304615244269371033e-02
2.990936636924743652e-01
5.972974374890327454e-02
-4.204636514186859131e-01
-3.921986222267150879e-01
-1.477041989564895630e-01
-2.607610225677490234e-01
-1.737365961074829102e+00
-4.880073368549346924e-01
1.891361624002456665e-01
8.325782418251037598e-02
-1.430085062980651855e+00
-1.192255496978759766e+00
-1.452976822853088379e+00
-1.132186889648437500e+00
-6.804462075233459473e-01
-8.143944740295410156e-01
-1.391297936439514160e+00
-1.827371716499328613e+00
-2.310537099838256836e+00
-1.715817809104919434e+00
-9.357048869132995605e-01
-3.743653893470764160e-01
-1.015029922127723694e-01
-3.228136301040649414e-01
-3.624548614025115967e-01
-9.637582898139953613e-01
-5.580055713653564453e-01
1.149309799075126648e-01
-6.952744126319885254e-01
-6.823792457580566406e-01
-1.383236944675445557e-01
9.758415073156356812e-02
6.259756088256835938e-01
2.332076430320739746e-01
-6.582313776016235352e-01
-6.138262152671813965e-02
3.988794684410095215e-01
6.652724146842956543e-01
8.040226697921752930e-01
9.496417045593261719e-01
7.829421758651733398e-01
8.963747620582580566e-01
8.830340504646301270e-01
4.022982418537139893e-01
6.476927399635314941e-01
3.261502087116241455e-01
2.233329564332962036e-01
-1.202182173728942871e+00
-2.093571424484252930e+00
-1.255967378616333008e+00
-1.232104301452636719e+00
-1.755033016204833984e+00
-8.402106761932373047e-01
-2.638502120971679688e-01
-8.572281002998352051e-01
-7.387791872024536133e-01
-7.048309445381164551e-01
-6.952887177467346191e-01
-2.141607284545898438e+00
-1.285076141357421875e+00
-6.346710920333862305e-01
-1.011279895901679993e-01
-1.509959101676940918e-01
-1.609698534011840820e+00
-1.260559320449829102e+00
-1.125639200210571289e+00
-1.928204774856567383e+00
-1.987743139266967773e+00
-1.394390821456909180e+00
-2.068456411361694336e+00
-2.612033605575561523e+00
-1.173042893409729004e+00
1.077310834079980850e-02
2.830443978309631348e-01
1.119888722896575928e-01
-2.284506857395172119e-01
3.606500327587127686e-01
-2.414032220840454102e-01
9.672939777374267578e-02
6.086375713348388672e-01
4.817408919334411621e-01
3.831363618373870850e-01
7.059456110000610352e-01
3.400764763355255127e-01
5.822659730911254883e-01
5.084969997406005859e-01
4.600094854831695557e-01
6.433742046356201172e-01
2.568561136722564697e-01
-1.840949296951293945e+00
-8.309273719787597656e-01
-3.946887552738189697e-01
3.734978660941123962e-02
1.190599501132965088e-01
-9.462547898292541504e-01
-4.780793488025665283e-01
2.770487368106842041e-01
-1.044511795043945312e-01
6.162730455398559570e-01
7.173286676406860352e-01
-2.912180125713348389e-01
6.430457830429077148e-01
7.220420241355895996e-01
9.246365427970886230e-01
1.208427190780639648e+00
1.174224495887756348e+00
9.563369750976562500e-01
8.521957397460937500e-01
8.342212438583374023e-01
4.851679801940917969e-01
-3.037153780460357666e-01
-1.780200362205505371e+00
-9.158098101615905762e-01
2.475560307502746582e-01
7.469835877418518066e-01
-1.659692883491516113e+00
-6.875734329223632812e-01
-5.126367807388305664e-01
9.759474545717239380e-02
3.750336170196533203e-01
3.573206663131713867e-01
-1.766447782516479492e+00
-2.528977394104003906e+00
-3.973755240440368652e-01
-1.871383428573608398e+00
-1.030775547027587891e+00
-1.792169570922851562e+00
-2.698835849761962891e+00
-1.010088324546813965e+00
-5.621326565742492676e-01
-9.745302796363830566e-01
-4.278523325920104980e-01
3.816282451152801514e-01
4.212771952152252197e-01
-1.307631433010101318e-01
3.252234756946563721e-01
6.166132688522338867e-01
-1.494466423988342285e+00
-5.190372467041015625e-01
-4.941742494702339172e-02
-4.291202425956726074e-01
-6.080178618431091309e-01
-2.280120611190795898e+00
-2.644081830978393555e+00
-1.834023833274841309e+00
-1.105977654457092285e+00
-7.894076704978942871e-01
-3.275943100452423096e-01
-4.076890647411346436e-01
-2.222422361373901367e+00
-1.424969315528869629e+00
-3.450641930103302002e-01
-1.175610274076461792e-01
9.178396314382553101e-02
2.550311088562011719e-01
-1.016895696520805359e-01
-1.003615021705627441e+00
-6.439698338508605957e-01
3.955363333225250244e-01
3.790162801742553711e-01
1.907022595405578613e-01
3.307065367698669434e-01
-2.668036520481109619e-01
1.658924967050552368e-01
3.308802843093872070e-02
1.344747561961412430e-02
-7.171723246574401855e-02
-4.890296459197998047e-01
-1.732445240020751953e+00
-1.988577604293823242e+00
-2.488196611404418945e+00
-2.462759256362915039e+00
-1.304948210716247559e+00
-7.568054199218750000e-01
-1.658793687820434570e+00
-1.928591728210449219e+00
-1.329776763916015625e+00
-1.908127307891845703e+00
-2.164654254913330078e+00
-1.843376994132995605e+00
-2.020098924636840820e+00
-1.602836251258850098e+00
-1.603938937187194824e-01
-9.973275065422058105e-01
-2.895141541957855225e-01
-1.200800687074661255e-01
-9.030937552452087402e-01
3.187166750431060791e-01
6.317956745624542236e-02
4.375343620777130127e-01
9.294382929801940918e-01
9.055063128471374512e-01
3.854114413261413574e-01
-6.433261185884475708e-02
-1.220153331756591797e+00
-3.566116094589233398e-01
5.403076857328414917e-02
3.189864754676818848e-01
1.649108976125717163e-01
-4.074123203754425049e-01
-1.025180339813232422e+00
-2.009994983673095703e+00
-1.012717723846435547e+00
-1.115918159484863281e+00
-1.100648522377014160e+00
-1.155880451202392578e+00
-1.731695294380187988e+00
-2.376751899719238281e+00
-2.662360429763793945e+00
-1.523939728736877441e+00
-8.589287400245666504e-01
-8.725594282150268555e-01
-1.765584230422973633e+00
-1.303729534149169922e+00
-2.019666671752929688e+00
-1.705917835235595703e+00
-1.871568083763122559e+00
-9.841849207878112793e-01
-1.133022904396057129e+00
-1.556046962738037109e+00
-1.411059379577636719e+00
-1.725035548210144043e+00
-5.689318180084228516e-01
-5.579014122486114502e-02
4.761577546596527100e-01
5.511003136634826660e-01
3.098680973052978516e-01
3.599903583526611328e-01
3.095939457416534424e-01
2.824339568614959717e-01
4.362515807151794434e-01
-5.741100311279296875e-01
-2.753867626190185547e+00
-1.455907821655273438e+00
-5.843853950500488281e-01
-1.149661064147949219e+00
-9.957541227340698242e-01
-9.510893821716308594e-01
-3.430083692073822021e-01
-8.871558904647827148e-01
-1.061552882194519043e+00
-1.133438825607299805e+00
-1.891695737838745117e+00
-2.691963434219360352e+00
-2.553940057754516602e+00
-1.781121730804443359e+00
-9.855996966361999512e-01
-5.358045697212219238e-01
2.272210270166397095e-02
-1.040633320808410645e-01
9.118632972240447998e-02
2.742310464382171631e-01
-4.822809398174285889e-01
3.339634835720062256e-02
-1.449654549360275269e-01
5.092570185661315918e-01
1.174228489398956299e-01
5.590918660163879395e-01
2.400110475718975067e-02
5.121280550956726074e-01
6.318831443786621094e-01
2.280386909842491150e-02
3.457771837711334229e-01
3.843855261802673340e-01
4.655435979366302490e-01
-3.619205057621002197e-01
-1.479832455515861511e-03
2.717238366603851318e-01
3.908092081546783447e-01
4.687815010547637939e-01
5.621004104614257812e-01
2.264044284820556641e-01
-1.279347687959671021e-01
-3.837590217590332031e-01
-4.158798754215240479e-01
-3.675515353679656982e-01
-1.894462406635284424e-01
3.691307306289672852e-01
5.174645781517028809e-01
-2.230118513107299805e-01
-4.812337160110473633e-01
-2.082558870315551758e+00
1.187840923666954041e-01
-3.315166532993316650e-01
1.784092485904693604e-01
1.586085110902786255e-01
1.390137970447540283e-01
-5.600554347038269043e-01
-8.950926661491394043e-01
-8.612417578697204590e-01
-1.208061128854751587e-01
-4.118014872074127197e-01
2.996857464313507080e-02
2.953791022300720215e-01
4.819318354129791260e-01
3.217348158359527588e-01
4.119882583618164062e-01
5.041377544403076172e-01
2.484952807426452637e-01
3.396401405334472656e-01
5.801300704479217529e-02
3.490901291370391846e-01
3.790096640586853027e-01
4.127907156944274902e-01
3.099792301654815674e-01
-1.795668751001358032e-01
2.689076662063598633e-01
4.115800261497497559e-01
3.338758945465087891e-01
2.287111282348632812e-01
3.062179312109947205e-02
5.030915141105651855e-01
-1.241957619786262512e-01
1.189070716500282288e-01
3.214071989059448242e-01
2.407159507274627686e-01
-9.703828096389770508e-01
-1.759715825319290161e-01
-2.806017100811004639e-01
4.639660567045211792e-02
9.932760149240493774e-02
-4.613077640533447266e-02
1.422950476408004761e-01
1.366406828165054321e-01
-1.059661358594894409e-01
-4.133794605731964111e-01
-5.727549195289611816e-01
-3.512152135372161865e-01
-1.165179729461669922e+00
-3.818281739950180054e-02
5.087720751762390137e-01
3.598424196243286133e-01
-2.555203735828399658e-01
-4.905064702033996582e-01
-8.875122070312500000e-01
-5.208981633186340332e-01
-6.804142892360687256e-02
1.908319890499114990e-01
6.923924665898084641e-03
1.477243155241012573e-01
-3.916177153587341309e-01
-2.361160993576049805e+00
-1.728872299194335938e+00
-6.693285107612609863e-01
9.683330357074737549e-02
1.054836809635162354e-01
3.550277948379516602e-01
1.723791062831878662e-01
-5.222727730870246887e-02
-1.674311608076095581e-01
1.311910003423690796e-01
2.150372415781021118e-01
2.002982199192047119e-01
-4.731855690479278564e-01
-1.044856309890747070e+00
-2.678515613079071045e-01
-3.539758920669555664e-01
1.585140526294708252e-01
1.203679665923118591e-01
-2.278304994106292725e-01
-2.884799987077713013e-02
-1.279122382402420044e-01
-1.847026824951171875e+00
-2.524859189987182617e+00
-1.523117065429687500e+00
-2.048877328634262085e-01
-7.976239547133445740e-03
-3.628886640071868896e-01
3.513815999031066895e-01
4.544683098793029785e-01
5.675974488258361816e-01
1.827336698770523071e-01
-4.546352624893188477e-01
-5.409746766090393066e-01
-2.284134030342102051e-01
-8.161141872406005859e-01
-2.288477659225463867e+00
-1.155385732650756836e+00
-1.236875772476196289e+00
-9.087585210800170898e-01
-1.809039711952209473e+00
-2.423655509948730469e+00
-1.915599584579467773e+00
-2.231686115264892578e+00
-2.556167602539062500e+00
-1.379277229309082031e+00
-4.152244031429290771e-01
1.285679638385772705e-01
1.311756521463394165e-01
3.140186369419097900e-01
2.754172682762145996e-01
1.843334138393402100e-01
-6.235695481300354004e-01
-6.828726530075073242e-01
-1.730953156948089600e-01
-3.698272630572319031e-02
-3.663907349109649658e-01
-1.572356939315795898e+00
-9.868391156196594238e-01
-2.147500813007354736e-01
2.699184417724609375e-01
5.083158612251281738e-01
5.163977742195129395e-01
4.242809712886810303e-01
6.346914172172546387e-01
7.864898443222045898e-01
1.035917282104492188e+00
8.131389021873474121e-01
4.806280136108398438e-01
7.860829234123229980e-01
8.346509933471679688e-01
8.899331092834472656e-01
1.427583992481231689e-01
4.223762154579162598e-01
5.586473345756530762e-01
5.948786735534667969e-01
5.009649991989135742e-01
5.125911235809326172e-01
2.847844362258911133e-01
4.918938875198364258e-01
4.725564122200012207e-01
2.297272086143493652e-01
5.305798053741455078e-01
-4.795800894498825073e-02
2.574979960918426514e-01
2.831627726554870605e-01
7.761047035455703735e-02
4.620094001293182373e-01
6.249719858169555664e-01
5.620377659797668457e-01
1.118403449654579163e-01
-2.522956728935241699e-01
-4.357295110821723938e-02
-6.343594789505004883e-01
-2.116068840026855469e+00
-2.653221607208251953e+00
-9.666364789009094238e-01
-1.210164666175842285e+00
-2.336769104003906250e+00
-2.610005855560302734e+00
-9.799100756645202637e-01
-8.972865343093872070e-02
-6.719134747982025146e-02
2.068427801132202148e-01
3.141297101974487305e-01
3.098427057266235352e-01
2.924014925956726074e-01
-7.899804711341857910e-01
-8.265296220779418945e-01
-6.613807380199432373e-02
-6.770157068967819214e-02
-2.497545629739761353e-01
-2.474853768944740295e-02
-6.524217724800109863e-01
-1.816333644092082977e-02
1.603264808654785156e-01
-7.685263156890869141e-01
-1.718178272247314453e+00
-9.160432219505310059e-01
3.730324208736419678e-01
1.970689743757247925e-01
2.873209416866302490e-01
5.094687938690185547e-01
6.767078638076782227e-01
2.968987524509429932e-01
-1.161395907402038574e+00
-4.769936203956604004e-01
-9.750525653362274170e-02
-1.456556797027587891e+00
-2.388612776994705200e-01
2.347487062215805054e-01
-5.593726411461830139e-03
3.234095275402069092e-01
1.973184645175933838e-01
2.693061530590057373e-01
4.487215578556060791e-01
3.652068972587585449e-01
2.922739386558532715e-01
1.429298371076583862e-01
4.415536820888519287e-01
1.279110610485076904e-01
2.340027540922164917e-01
-2.090028375387191772e-01
1.875200867652893066e-01
3.074475824832916260e-01
-1.521953940391540527e+00
-2.477627277374267578e+00
-2.615979671478271484e+00
-9.396992325782775879e-01
-1.281974911689758301e+00
7.140603661537170410e-02
-1.691418439149856567e-01
2.729998528957366943e-01
1.612090766429901123e-01
2.257748097181320190e-01
-2.517152391374111176e-02
1.744063645601272583e-01
2.131826430559158325e-01
1.774188429117202759e-01
-9.280782938003540039e-01
-3.433754146099090576e-01
-3.921624720096588135e-01
-1.231498360633850098e+00
-1.727599501609802246e+00
-7.723714709281921387e-01
-1.173402890563011169e-01
-7.397494912147521973e-01
-5.304349064826965332e-01
-1.843895316123962402e+00
-2.466631650924682617e+00
-1.222705960273742676e+00
-4.378070831298828125e-01
-3.668433427810668945e-01
-8.661562204360961914e-02
-3.795779645442962646e-01
-4.744694828987121582e-01
-2.096233814954757690e-01
2.909887954592704773e-02
1.388591676950454712e-01
9.533409774303436279e-02
-1.082939624786376953e+00
-3.457373678684234619e-01
2.352320253849029541e-01
1.475985795259475708e-01
3.322999477386474609e-01
-1.276898980140686035e-01
-3.236472308635711670e-01
-5.236659646034240723e-01
-7.461104989051818848e-01
-6.278507113456726074e-01
-3.317534923553466797e-01
-3.285365700721740723e-01
-5.769619345664978027e-01
-7.012595981359481812e-02
-7.913468033075332642e-02
3.791649937629699707e-01
7.933331727981567383e-01
8.061833381652832031e-01
8.667714595794677734e-01
7.242039442062377930e-01
8.982499837875366211e-01
5.307520031929016113e-01
1.585631668567657471e-01
1.225248500704765320e-01
2.570653855800628662e-01
-4.410959184169769287e-01
3.699679672718048096e-01
1.670468449592590332e-01
2.709918320178985596e-01
6.067294478416442871e-01
6.703542470932006836e-01
-1.378535628318786621e+00
-1.704689025878906250e+00
7.898529618978500366e-02
-1.085254788398742676e+00
-1.206070780754089355e+00
-5.322068929672241211e-01
-8.333068490028381348e-01
-6.357215642929077148e-01
-1.530974954366683960e-01
-9.617538750171661377e-02
-2.009962052106857300e-01
-3.746534883975982666e-01
-6.260268092155456543e-01
-4.084667265415191650e-01
-1.677491784095764160e+00
-2.370561361312866211e+00
-1.409733295440673828e+00
-1.741299331188201904e-01
2.263834923505783081e-01
1.466920375823974609e-01
3.296861648559570312e-01
3.611691892147064209e-01
5.203926563262939453e-01
4.954855442047119141e-01
2.239268738776445389e-03
-1.162732124328613281e+00
-1.065623313188552856e-01
3.806832134723663330e-01
3.218675255775451660e-01
2.271771281957626343e-01
-7.787836790084838867e-01
-1.823499500751495361e-01
-1.264403760433197021e-01
2.486148923635482788e-01
4.573504030704498291e-01
1.960828602313995361e-01
5.038944482803344727e-01
3.755926489830017090e-01
2.211101353168487549e-01
8.425356820225715637e-03
-3.541705906391143799e-01
-3.398034572601318359e-01
-4.003201127052307129e-01
-2.234765887260437012e-01
9.532257169485092163e-02
3.750432431697845459e-01
1.612056195735931396e-01
4.541652500629425049e-01
7.316622138023376465e-01
1.050040602684020996e+00
7.664845585823059082e-01
1.058037281036376953e+00
1.233794450759887695e+00
-4.405491948127746582e-01
6.597149968147277832e-01
5.905282497406005859e-01
6.905474066734313965e-01
2.596258223056793213e-01
1.525458991527557373e-01
3.389591872692108154e-01
1.937954276800155640e-01
-1.843144595623016357e-01
-3.003394305706024170e-01
2.409084327518939972e-02
-2.695625305175781250e+00
-1.698568582534790039e+00
-4.472417831420898438e-01
-2.563081979751586914e-01
2.947416901588439941e-01
4.751027524471282959e-01
4.115375280380249023e-01
-1.042858004570007324e+00
-2.438052177429199219e+00
-6.087054610252380371e-01
-1.562784433364868164e+00
-1.689641714096069336e+00
-4.166637063026428223e-01
1.549580693244934082e-01
4.222445189952850342e-01
3.394116461277008057e-01
2.583213150501251221e-01
-6.746223568916320801e-01
-8.363970369100570679e-02
3.110784590244293213e-01
2.752395272254943848e-01
1.886513084173202515e-01
5.347121953964233398e-01
7.563142180442810059e-01
2.218261212110519409e-01
-2.334095090627670288e-01
1.493349373340606689e-01
-1.139078259468078613e+00
-7.655409630388021469e-03
2.481990605592727661e-01
-2.973031997680664062e-01
-5.346021056175231934e-01
3.386119902133941650e-01
4.305908381938934326e-01
2.594512701034545898e-01
-7.243283987045288086e-01
-1.205945849418640137e+00
4.953515827655792236e-01
8.124610781669616699e-01
-4.920887947082519531e-01
-4.175317287445068359e-01
8.821089565753936768e-02
5.300350785255432129e-01
7.348287701606750488e-01
4.999736547470092773e-01
-6.063752174377441406e-01
-3.904937505722045898e-01
-1.057748347520828247e-01
-2.069858610630035400e-01
-1.426292777061462402e+00
-3.447834253311157227e-01
-4.810225367546081543e-01
3.776413202285766602e-01
1.981992647051811218e-02
-5.751904845237731934e-01
-8.665061593055725098e-01
-2.161247283220291138e-01
4.783146381378173828e-01
4.288733601570129395e-01
4.181154966354370117e-01
7.388831973075866699e-01
1.055102825164794922e+00
-2.868915200233459473e-01
4.036796092987060547e-01
-5.232966542243957520e-01
1.605550348758697510e-01
-4.120734333992004395e-01
7.720132470130920410e-01
4.530557096004486084e-01
-3.922615945339202881e-01
3.274124264717102051e-01
2.717988789081573486e-01
1.139825880527496338e-01
4.078992009162902832e-01
-2.318410873413085938e-01
6.162875890731811523e-01
1.022273182868957520e+00
5.952621996402740479e-02
-4.807167947292327881e-01
-7.727541327476501465e-01
-9.428738355636596680e-01
-4.940929114818572998e-01
-6.738966703414916992e-01
-2.541747502982616425e-02
-9.145273827016353607e-03
2.378846555948257446e-01
2.885299026966094971e-01
4.796200245618820190e-02
-4.262973070144653320e-01
2.910408079624176025e-01
2.359490692615509033e-01
-1.069330126047134399e-01
4.346881508827209473e-01
-3.907504305243492126e-02
6.126573681831359863e-01
7.738465070724487305e-02
9.005312323570251465e-01
-2.923108339309692383e-01
-5.363281369209289551e-01
1.778509765863418579e-01
1.869971901178359985e-01
1.945093870162963867e-01
-8.756010234355926514e-02
-4.123531877994537354e-01
1.846913248300552368e-02
2.696300745010375977e-01
3.255198299884796143e-01
8.216033577919006348e-01
7.321432828903198242e-01
4.182981848716735840e-01
8.338800668716430664e-01
8.042181730270385742e-01
1.060200929641723633e+00
6.281267404556274414e-01
7.764766812324523926e-01
-8.905279636383056641e-01
9.016565978527069092e-02
-5.930564403533935547e-01
-9.779406338930130005e-02
2.557096481323242188e-01
3.990247845649719238e-01
-7.147045433521270752e-02
-4.918178617954254150e-01
-1.289201259613037109e+00
-5.231330990791320801e-01
6.692083925008773804e-02
7.455488201230764389e-03
2.158762812614440918e-01
2.380825579166412354e-01
-8.856818825006484985e-02
-1.030832976102828979e-01
5.195608735084533691e-02
2.278658747673034668e-01
-1.285949349403381348e-01
4.347720742225646973e-01
2.612220644950866699e-01
1.022894024848937988e+00
9.388484358787536621e-01
9.614832401275634766e-01
9.192860722541809082e-01
-1.910071969032287598e-01
-2.359603792428970337e-01
-1.493074148893356323e-01
-1.106651127338409424e-02
-1.641340106725692749e-01
5.618992447853088379e-01
7.158816456794738770e-01
1.008888125419616699e+00
1.135242938995361328e+00
1.209083318710327148e+00
9.550824761390686035e-01
5.048584938049316406e-01
9.238051772117614746e-01
8.585191965103149414e-01
6.503833532333374023e-01
3.138386905193328857e-01
3.964861929416656494e-01
1.997766047716140747e-01
2.817271351814270020e-01
4.434431493282318115e-01
-5.153754949569702148e-01
-2.316836863756179810e-01
2.999345362186431885e-01
-4.053261876106262207e-01
-5.079095363616943359e-01
-5.893753170967102051e-01
-3.208329975605010986e-01
-8.006690740585327148e-01
-3.649832606315612793e-01
-1.870959103107452393e-01
2.513979375362396240e-01
8.292424678802490234e-02
-1.199760362505912781e-01
-1.875262707471847534e-01
2.176083028316497803e-01
-2.823472321033477783e-01
-1.334281802177429199e+00
-1.628184318542480469e+00
-9.244337081909179688e-01
-7.847280502319335938e-01
-3.980630636215209961e-01
-3.806722462177276611e-01
-5.846763849258422852e-01
-3.671022355556488037e-01
-4.168377220630645752e-01
-3.565913140773773193e-01
5.708179995417594910e-02
6.922849267721176147e-02
2.283186912536621094e-01
4.593026358634233475e-03
-5.706128105521202087e-02
2.095428109169006348e-02
-2.361393123865127563e-01
-1.926639378070831299e-01
-6.904023885726928711e-01
3.445413410663604736e-01
3.735397160053253174e-01
3.462953865528106689e-01
5.952189564704895020e-01
4.277110397815704346e-01
2.247662246227264404e-01
3.935857415199279785e-01
4.931042492389678955e-01
6.364305615425109863e-01
8.446850776672363281e-01
4.614232778549194336e-01
5.069231986999511719e-01
5.151163935661315918e-01
2.862856090068817139e-01
-2.993536293506622314e-01
-3.972415626049041748e-01
1.259433478116989136e-01
-3.964365720748901367e-01
-3.069171905517578125e-01
-4.853869229555130005e-02
-1.417987823486328125e+00
-1.095442414283752441e+00
-1.810155630111694336e+00
-1.951260209083557129e+00
-1.959524035453796387e+00
-2.253736734390258789e+00
-1.702727437019348145e+00
-5.587249398231506348e-01
1.005152538418769836e-01
2.198372781276702881e-01
3.044350147247314453e-01
3.127643465995788574e-01
2.886259853839874268e-01
5.118616223335266113e-01
6.653204560279846191e-01
4.297834932804107666e-01
2.983249425888061523e-01
2.932507395744323730e-01
1.893779933452606201e-01
3.801262080669403076e-01
-1.809824258089065552e-01
-2.090600728988647461e-01
3.505344688892364502e-01
3.056978881359100342e-01
2.105486690998077393e-01
-6.067338585853576660e-01
-8.215209841728210449e-02
9.038167446851730347e-02
4.928966462612152100e-01
3.982634246349334717e-01
5.149378180503845215e-01
6.861106157302856445e-01
5.061276555061340332e-01
4.234645068645477295e-01
6.074465513229370117e-01
4.956064224243164062e-01
1.333560645580291748e-01
-6.153710186481475830e-02
2.626143395900726318e-01
-5.239302515983581543e-01
-7.833856157958507538e-03
-3.139346539974212646e-01
-1.101627573370933533e-01
-8.378577828407287598e-01
-3.886301517486572266e-01
-3.372927606105804443e-01
-7.982861995697021484e-01
-3.514997065067291260e-01
-1.097110033035278320e+00
-1.802803277969360352e+00
-1.205184340476989746e+00
-1.892110586166381836e+00
-1.376782178878784180e+00
-1.384586691856384277e+00
-2.572665929794311523e+00
-2.517586231231689453e+00
-2.493426322937011719e+00
-2.674016237258911133e+00
-1.789982557296752930e+00
-8.237816095352172852e-01
-1.043813452124595642e-01
-1.562797069549560547e+00
-6.207281351089477539e-01
-1.971337795257568359e+00
-1.791669249534606934e+00
-5.989673137664794922e-01
-2.058352947235107422e+00
-1.378599405288696289e+00
-6.615334153175354004e-01
6.754230707883834839e-02
-3.583359420299530029e-01
-5.770675539970397949e-01
-5.589068531990051270e-01
-1.356725215911865234e+00
-1.209421277046203613e+00
-8.507841229438781738e-01
-6.680715680122375488e-01
-8.252846598625183105e-01
-4.856266081333160400e-01
-1.554832160472869873e-01
-1.847883164882659912e-01
-1.816288381814956665e-01
2.924745082855224609e-01
4.847452938556671143e-01
6.290393471717834473e-01
-2.410806016996502876e-03
-2.050316892564296722e-02
-8.784344047307968140e-02
-8.688557893037796021e-02
9.222361259162425995e-03
-8.196905255317687988e-02
-1.839016318321228027e+00
-1.991816759109497070e+00
-9.274618625640869141e-01
-2.682451605796813965e-01
-4.918049275875091553e-01
-4.161051809787750244e-01
1.779085099697113037e-01
2.815994024276733398e-01
3.439185321331024170e-01
5.518744587898254395e-01
1.911066472530364990e-01
-6.742790341377258301e-01
-1.242597341537475586e+00
-3.134671747684478760e-01
-5.401338264346122742e-02
-9.876572489738464355e-01
-9.498811960220336914e-01
-1.139790296554565430e+00
-2.118736505508422852e+00
-2.018013954162597656e+00
-1.154535531997680664e+00
-1.224848151206970215e+00
-1.204477190971374512e+00
-9.885811805725097656e-01
-5.628889203071594238e-01
-9.877955168485641479e-02
1.751459836959838867e-01
-4.067550599575042725e-01
-6.780895590782165527e-01
-1.189441204071044922e+00
-7.335215210914611816e-01
-1.034140348434448242e+00
4.751065000891685486e-02
-9.085101634263992310e-02
-7.101260423660278320e-01
6.178253516554832458e-02
-1.064005136489868164e+00
-1.647659242153167725e-01
3.644611835479736328e-01
-8.440577983856201172e-01
-1.041009545326232910e+00
-5.360325574874877930e-01
-1.699199527502059937e-01
-6.657317876815795898e-01
-1.718358635902404785e+00
-9.434846043586730957e-01
-6.919651627540588379e-01
-7.059867978096008301e-01
-8.671544790267944336e-01
-5.407978296279907227e-01
-1.315464735031127930e+00
-1.916545033454895020e+00
-2.564298152923583984e+00
-7.401943802833557129e-01
-1.555193662643432617e-01
1.902868747711181641e-01
6.581011414527893066e-01
-6.863534217700362206e-04
-1.281200766563415527e+00
-2.200546503067016602e+00
-2.240214586257934570e+00
-2.805152416229248047e+00
-1.501405119895935059e+00
-1.540545582771301270e+00
-1.308427214622497559e+00
-1.441702365875244141e+00
-1.119577527046203613e+00
-1.947005510330200195e+00
-1.223350405693054199e+00
-1.903688073158264160e+00
-1.541110396385192871e+00
-2.551445960998535156e-01
2.837656140327453613e-01
-1.185920313000679016e-01
-3.389527201652526855e-01
3.260884881019592285e-01
-6.701177954673767090e-01
-2.800668179988861084e-01
-2.471280246973037720e-01
-4.904142916202545166e-01
-1.091417312622070312e+00
-1.288200974464416504e+00
-2.536681413650512695e+00
-2.022573232650756836e+00
-2.277621269226074219e+00
-2.434147119522094727e+00
-1.877498269081115723e+00
-1.058445930480957031e+00
-9.727559089660644531e-01
-6.178153753280639648e-01
-1.064856886863708496e+00
-8.371682167053222656e-01
-6.841335445642471313e-02
-2.320051938295364380e-02
-1.084628224372863770e+00
-1.310831665992736816e+00
-1.839497566223144531e+00
-2.110732316970825195e+00
-7.403864860534667969e-01
-1.468353629112243652e+00
-2.012457609176635742e+00
-1.593432188034057617e+00
-2.053042888641357422e+00
-2.119101762771606445e+00
-2.063140630722045898e+00
-1.703905463218688965e+00
-1.469489097595214844e+00
-1.682536482810974121e+00
-2.057372808456420898e+00
-1.954561233520507812e+00
-1.236284613609313965e+00
-7.074128985404968262e-01
-5.539191961288452148e-01
-1.019985437393188477e+00
-1.742118000984191895e+00
-4.973701834678649902e-01
-1.968418359756469727e-01
-2.454181611537933350e-01
-1.198771744966506958e-01
-2.018578946590423584e-01
3.457008004188537598e-01
6.419977545738220215e-01
-2.345563471317291260e-01
3.511391282081604004e-01
8.610854148864746094e-01
7.878664731979370117e-01
9.078279733657836914e-01
1.352729439735412598e+00
1.460195660591125488e+00
8.615252375602722168e-01
8.248313069343566895e-01
-2.475156038999557495e-01
5.216464400291442871e-01
-3.925611674785614014e-01
5.163660049438476562e-01
-2.074690461158752441e-01
5.101952329277992249e-02
2.772725522518157959e-01
8.133025169372558594e-01
7.803996205329895020e-01
6.320707499980926514e-02
-8.921743929386138916e-02
-7.493603229522705078e-01
-2.694571614265441895e-01
4.720990657806396484e-01
-1.180731728672981262e-01
1.815671771764755249e-01
-1.618753075599670410e-01
2.313504219055175781e-01
7.468801140785217285e-01
7.001641392707824707e-01
7.218433022499084473e-01
8.009238839149475098e-01
6.676331758499145508e-01
8.059068322181701660e-01
2.483052015304565430e-01
7.961506843566894531e-01
7.462928295135498047e-01
6.775034666061401367e-01
-6.111582517623901367e-01
-1.301253795623779297e+00
-1.681569099426269531e+00
-5.376656055450439453e-01
-8.626441359519958496e-01
-4.582746028900146484e-01
2.961702644824981689e-01
4.246805310249328613e-01
1.724978834390640259e-01
5.890864729881286621e-01
1.214765906333923340e-01
9.904233217239379883e-01
9.842597246170043945e-01
5.524400472640991211e-01
1.072427988052368164e+00
5.895266532897949219e-01
6.573981046676635742e-01
7.525219321250915527e-01
1.163787245750427246e+00
8.608635663986206055e-01
4.830889701843261719e-01
7.562064528465270996e-01
-5.665376186370849609e-01
1.442681849002838135e-01
5.868073701858520508e-01
6.978594064712524414e-01
3.788708448410034180e-01
3.348584473133087158e-01
1.647723317146301270e-01
4.961289763450622559e-01
5.004369020462036133e-01
6.018610000610351562e-01
5.222687125205993652e-01
7.958040237426757812e-01
1.093299746513366699e+00
-3.104930818080902100e-01
6.075985431671142578e-01
-1.204646229743957520e+00
-3.477855920791625977e-01
4.082239568233489990e-01
8.406105637550354004e-01
7.551637887954711914e-01
9.981627464294433594e-01
8.813806772232055664e-01
-2.532775979489088058e-03
6.597232222557067871e-01
1.142876982688903809e+00
1.243389129638671875e+00
7.829222083091735840e-01
-2.148008197546005249e-01
-7.670722007751464844e-01
-1.739064931869506836e+00
-2.040657043457031250e+00
-4.519088566303253174e-01
7.863666415214538574e-01
8.647613525390625000e-01
-8.892433643341064453e-01
-2.349279403686523438e+00
-1.815870046615600586e+00
-6.867764592170715332e-01
-6.012335419654846191e-01
-9.123465418815612793e-01
-4.964731335639953613e-01
-8.556534051895141602e-01
-2.764149904251098633e-01
3.496632277965545654e-01
1.038821134716272354e-02
3.074717521667480469e-01
1.463558077812194824e-01
4.049529433250427246e-01
6.884237527847290039e-01
4.472376406192779541e-01
6.376721262931823730e-01
9.183751940727233887e-01
9.797148704528808594e-01
9.950187802314758301e-01
1.390883326530456543e+00
1.485542893409729004e+00
1.121020317077636719e+00
-1.158639118075370789e-01
-3.117655590176582336e-02
7.450609654188156128e-02
-1.290159106254577637e+00
-1.858947753906250000e+00
-2.750472068786621094e+00
-2.810100793838500977e+00
-9.193990826606750488e-01
1.018895655870437622e-01
4.516525864601135254e-01
6.159945726394653320e-01
7.734574675559997559e-01
6.598824262619018555e-01
7.208486199378967285e-01
7.517534494400024414e-01
9.325303435325622559e-01
8.117297887802124023e-01
7.018079757690429688e-01
6.597352027893066406e-02
-2.002348899841308594e-01
-1.374699234962463379e+00
-1.778435707092285156e+00
-1.990318894386291504e+00
-1.804566502571105957e+00
-1.267759680747985840e+00
-1.113608717918395996e+00
-9.766001701354980469e-01
-1.815862178802490234e+00
-1.060803413391113281e+00
-6.633358448743820190e-02
1.198668405413627625e-01
6.474608778953552246e-01
3.516668677330017090e-01
6.464128196239471436e-02
3.148036822676658630e-02
-2.232285439968109131e-01
-2.786792218685150146e-01
6.259215623140335083e-02
3.423545658588409424e-01
3.403539955615997314e-01
5.562063455581665039e-01
4.807141050696372986e-02
-7.862508893013000488e-01
3.997455835342407227e-01
7.241951823234558105e-01
1.047109007835388184e+00
1.075420379638671875e+00
1.219740271568298340e+00
1.436386466026306152e+00
1.418139219284057617e+00
1.416404008865356445e+00
1.493174910545349121e+00
1.321262955665588379e+00
1.335302472114562988e+00
1.267438650131225586e+00
1.500370979309082031e+00
1.275613307952880859e+00
1.429811000823974609e+00
1.418466210365295410e+00
1.696610093116760254e+00
1.399892210960388184e+00
1.641160488128662109e+00
1.699317693710327148e+00
1.735221505165100098e+00
1.273982763290405273e+00
1.685412526130676270e+00
1.352176666259765625e+00
1.330577969551086426e+00
1.323075294494628906e+00
1.331145167350769043e+00
1.366245388984680176e+00
1.399644136428833008e+00
1.707354187965393066e+00
1.318415522575378418e+00
1.713938474655151367e+00
1.199224829673767090e+00
1.007025241851806641e+00
-1.363602429628372192e-01
-1.920525312423706055e+00
-2.401297807693481445e+00
-2.171264171600341797e+00
-2.716100692749023438e+00
-2.559086680412292480e-02
5.065717697143554688e-01
9.602459073066711426e-01
1.637415289878845215e-01
5.351294279098510742e-01
7.901789546012878418e-01
6.232988834381103516e-01
8.443428874015808105e-01
-1.295285671949386597e-02
1.206358894705772400e-01
-1.926869899034500122e-01
1.108076721429824829e-01
2.761975526809692383e-01
-4.111973047256469727e-01
-6.668774485588073730e-01
-1.299934834241867065e-01
6.957356333732604980e-01
7.872216105461120605e-01
1.482353061437606812e-01
5.600270628929138184e-01
4.753468334674835205e-01
9.184362888336181641e-01
1.012128710746765137e+00
1.158525705337524414e+00
1.216496944427490234e+00
4.890156388282775879e-01
1.008505582809448242e+00
1.194295406341552734e+00
1.271731853485107422e+00
1.154485106468200684e+00
8.619946837425231934e-01
8.356252908706665039e-01
9.608960747718811035e-01
1.055480003356933594e+00
1.082342743873596191e+00
9.619987607002258301e-01
1.123195767402648926e+00
1.181973934173583984e+00
1.199908494949340820e+00
1.213835597038269043e+00
4.814540147781372070e-01
8.375793695449829102e-01
1.064127326011657715e+00
-1.758897185325622559e+00
-1.232300758361816406e+00
-1.271697044372558594e+00
-4.844124019145965576e-01
-1.122484922409057617e+00
1.224150583148002625e-01
4.017158448696136475e-01
1.382160782814025879e-01
7.554178833961486816e-01
9.904040098190307617e-01
1.009322881698608398e+00
1.296442866325378418e+00
1.296513557434082031e+00
1.240511417388916016e+00
5.862565040588378906e-01
4.490856230258941650e-01
-9.591273665428161621e-01
-1.828410267829895020e+00
-2.363703727722167969e+00
-1.991093993186950684e+00
8.547539263963699341e-02
-2.124891757965087891e+00
-1.961931586265563965e+00
-7.740504741668701172e-01
-7.263689041137695312e-01
-1.569312095642089844e+00
-2.722563505172729492e+00
-1.959869861602783203e+00
-1.167848110198974609e+00
-9.302470684051513672e-01
-8.911911398172378540e-02
5.379316210746765137e-02
-3.627600967884063721e-01
-7.581309080123901367e-01
-8.869262933731079102e-01
-8.254224807024002075e-02
4.066612720489501953e-01
7.425732612609863281e-01
8.726487755775451660e-01
8.490658998489379883e-01
9.298945069313049316e-01
9.449235796928405762e-01
9.678028821945190430e-01
1.946434974670410156e-01
4.692265093326568604e-01
-4.112780094146728516e-01
2.421448677778244019e-01
3.407547175884246826e-01
2.532137036323547363e-01
4.661367237567901611e-01
8.880100250244140625e-01
9.691463708877563477e-01
3.071891069412231445e-01
8.883649706840515137e-01
8.068571686744689941e-01
9.617239832878112793e-01
1.077025160193443298e-01
1.857588142156600952e-01
1.422946304082870483e-01
1.813407093286514282e-01
1.806264221668243408e-01
-1.367501020431518555e+00
-1.041810750961303711e+00
-1.948406696319580078e+00
-2.297607660293579102e+00
-1.362127542495727539e+00
-9.361490607261657715e-01
-8.429224491119384766e-01
-2.293895244598388672e+00
-6.645420789718627930e-01
-1.250601649284362793e+00
-2.414188861846923828e+00
-3.277964591979980469e-01
-2.033267170190811157e-01
-3.734327256679534912e-01
-3.178018033504486084e-01
-1.078159332275390625e+00
-8.731549382209777832e-01
-2.491949498653411865e-02
-1.122832775115966797e+00
-1.464448571205139160e+00
-2.105292320251464844e+00
-1.632696986198425293e+00
-1.791440725326538086e+00
-7.588652968406677246e-01
-2.799121141433715820e+00
-9.188288450241088867e-01
-2.073745965957641602e+00
-1.642085552215576172e+00
-7.312186807394027710e-02
7.733702659606933594e-01
1.246344208717346191e+00
1.237384080886840820e+00
1.143969774246215820e+00
8.380785584449768066e-01
-4.279758036136627197e-01
-1.226668477058410645e+00
-6.643529534339904785e-01
2.562933862209320068e-01
6.975461244583129883e-01
6.967253088951110840e-01
-1.321650624275207520e+00
-4.547376334667205811e-01
3.075945079326629639e-01
5.788815617561340332e-01
9.130736589431762695e-01
1.079827070236206055e+00
1.036233544349670410e+00
1.226409912109375000e+00
8.468618988990783691e-01
1.116955637931823730e+00
9.879513382911682129e-01
9.076772928237915039e-01
7.868921756744384766e-01
8.802307248115539551e-01
-5.531910061836242676e-01
-3.391147255897521973e-01
3.539680242538452148e-01
1.084230661392211914e+00
2.372081577777862549e-01
-6.425498723983764648e-01
-2.869264125823974609e+00
-9.370591640472412109e-01
-1.816890388727188110e-01
-9.319919943809509277e-01
6.484704017639160156e-01
9.336185455322265625e-01
5.496428012847900391e-01
-2.221965491771697998e-01
-2.573831081390380859e-01
-2.855222523212432861e-01
-1.038444757461547852e+00
-7.401258498430252075e-02
5.221044421195983887e-01
7.724071741104125977e-01
5.618211627006530762e-01
8.486503362655639648e-01
6.873186230659484863e-01
8.009741902351379395e-01
3.944287896156311035e-01
-7.008251547813415527e-01
-3.761780858039855957e-01
-1.386825561523437500e+00
-2.273137569427490234e+00
-2.199356317520141602e+00
-4.800822138786315918e-01
-2.147629022598266602e+00
-4.613924622535705566e-01
5.241223573684692383e-01
1.008094787597656250e+00
8.694894909858703613e-01
4.379411339759826660e-01
5.329984426498413086e-01
-3.879842162132263184e-01
5.428971648216247559e-01
8.985311985015869141e-01
2.812899351119995117e-01
-1.182517409324645996e+00
-2.438385635614395142e-01
2.221245318651199341e-01
-6.962549686431884766e-02
-2.592404127120971680e+00
-5.967482924461364746e-01
-1.539910078048706055e+00
-3.359785974025726318e-01
6.043175458908081055e-01
1.179303407669067383e+00
1.043475389480590820e+00
6.707428097724914551e-01
-1.299791097640991211e+00
-4.352323710918426514e-01
3.207828402519226074e-01
-6.703726202249526978e-02
-2.319973945617675781e+00
-1.494561582803726196e-01
-3.082650303840637207e-01
-1.268375396728515625e+00
1.909694373607635498e-01
2.627263367176055908e-01
-1.996885180473327637e+00
-1.826138138771057129e+00
-2.706457853317260742e+00
-2.192722558975219727e+00
-1.061813592910766602e+00
-1.187387347221374512e+00
-6.110672950744628906e-01
-6.262084841728210449e-01
-7.464445829391479492e-01
-7.809158563613891602e-01
-7.409048676490783691e-01
-2.491697371006011963e-01
-7.375968098640441895e-01
8.802133053541183472e-02
-2.446520514786243439e-02
4.260688126087188721e-01
3.879435062408447266e-01
8.625031262636184692e-02
-5.865665078163146973e-01
-1.266727782785892487e-02
-6.072238683700561523e-01
-1.610721826553344727e+00
-3.811724185943603516e-01
-5.798745155334472656e-01
-6.298186779022216797e-01
-2.357503026723861694e-01
-9.781486392021179199e-01
-5.140759944915771484e-01
-7.243742793798446655e-02
5.829343199729919434e-01
9.126743674278259277e-01
9.807969331741333008e-01
9.027676582336425781e-01
8.770884275436401367e-01
1.090982928872108459e-01
-2.369176447391510010e-01
-1.010513305664062500e-01
-5.594754815101623535e-01
-5.548387765884399414e-01
3.139273729175329208e-03
1.496205627918243408e-01
-1.152120437473058701e-02
-3.822360932826995850e-01
-2.646820247173309326e-01
-1.988066315650939941e+00
-2.741154193878173828e+00
-2.690708160400390625e+00
-2.725584506988525391e+00
-2.757913827896118164e+00
